211 175 29
212 24 30
156 82 220
177 222 245
174 59 243
245 173 83
158 244 187
70 38 30
162 111 232
154 230 201
177 174 244
62 199 38
66 172 34
225 172 46
211 112 244
219 26 238
155 145 215
255 104 139
154 19 198
156 212 219
154 51 200
252 253 180
193 116 15
154 161 198
165 16 235
111 54 6
186 198 11
120 233 3
17 150 113
252 215 182
7 234 152
237 215 218
241 5 211
245 147 203
166 193 236
245 125 204
221 207 40
159 255 227
237 139 218
242 104 74
190 161 248
157 81 1
157 77 221
233 180 224
154 103 209
158 178 1
157 19 189
237 70 65
155 44 213
218 68 37
165 100 235
128 238 1
5 117 158
211 28 244
155 225 194
251 153 102
1 93 186
154 205 209
175 12 244
92 181 15
238 107 67
139 199 0
164 134 234
162 2 231
5 39 162
0 128 218
4 200 168
191 80 14
223 86 235
242 43 209
164 94 234
255 159 155
35 50 74
49 170 54
216 108 35
1 132 194
97 41 11
26 209 93
235 214 221
43 58 62
220 251 38
240 171 213
105 146 8
254 218 169
225 113 233
253 134 174
232 206 56
157 103 189
209 151 245
209 75 244
222 174 237
215 34 33
154 145 1
1 207 238
73 108 28
8 68 144
3 245 172
201 247 247
18 52 113
119 109 3
198 1 248
254 223 119
175 101 244
221 15 40
166 43 237
253 26 177
218 241 37
29 106 86
0 51 235
156 149 219
154 245 198
253 128 114
251 233 185
155 149 216
201 196 247
161 251 184
255 23 166
123 141 2
25 68 94
10 69 137
0 21 226
154 168 208
33 59 79
247 255 90
183 72 247
197 12 248
99 27 11
57 198 44
206 197 25
154 65 212
189 138 248
233 23 224
167 96 3
228 83 50
251 197 104
244 70 205
172 119 242
224 131 44
195 94 248
68 245 33
154 110 209
12 219 130
113 13 5
12 79 131
165 168 236
82 182 21
38 46 69
155 186 194
103 68 9
236 46 63
199 110 19
0 108 214
176 207 244
226 4 47
122 63 2
238 103 67
159 179 227
65 27 36
179 168 246
163 75 2
192 84 248
255 68 162
239 229 68
22 75 100
177 228 245
249 96 96
231 232 227
167 72 238
205 133 24
34 127 76
215 113 34
64 89 36
248 23 194
230 77 53
255 87 164
197 10 18
31 151 81
57 176 44
171 12 241
244 89 206
160 40 184
118 71 3
173 47 5
245 228 202
222 253 236
255 119 161
55 185 46
8 137 147
110 198 6
122 157 2
57 71 43
255 88 167
255 232 131
251 99 102
0 2 216
181 41 247
255 202 125
217 73 240
182 246 247
19 246 109
126 119 2
161 80 184
159 252 225
24 218 96
49 76 53
14 77 124
127 147 1
184 57 10
236 228 220
154 81 200
154 134 203
242 66 209
160 119 185
158 57 224
156 241 191
216 220 240
161 67 184
156 202 191
252 94 105
156 130 193
18 147 112
160 10 184
201 232 247
166 99 236
254 178 169
183 214 247
240 148 213
159 108 226
244 129 80
49 198 54
12 132 130
255 93 142
188 73 12
230 126 228
218 125 36
255 183 133
255 236 129
157 230 221
17 160 114
21 183 104
0 97 212
89 92 16
78 202 24
158 58 188
0 170 210
177 33 245
141 167 0
219 51 239
252 141 105
212 14 243
214 177 32
162 137 231
0 82 223
154 62 208
246 64 201
179 204 246
63 153 37
159 130 225
164 130 234
138 82 0
61 167 39
186 251 11
156 84 191
157 88 221
156 65 192
238 157 68
5 148 162
198 0 248
137 36 0
38 24 70
247 8 87
153 77 1
0 216 209
154 150 203
232 54 225
254 75 168
237 124 64
18 67 112
180 244 8
206 80 246
188 241 12
155 225 215
165 238 3
244 30 205
159 132 226
182 93 9
39 90 68
158 236 224
0 40 213
1 27 238
203 136 22
160 225 185
156 85 218
207 34 245
9 82 142
112 16 5
155 47 215
3 50 176
234 214 60
238 96 66
7 222 148
92 118 14
3 128 175
158 77 187
7 61 149
187 154 248
217 121 240
253 37 114
109 176 6
32 210 81
248 35 194
218 230 37
108 229 7
0 59 215
0 39 215
12 78 129
24 22 96
66 80 35
218 120 36
19 219 110
156 198 191
255 41 163
142 12 0
0 152 201
234 17 60
240 201 213
45 89 60
93 229 14
36 177 72
236 60 220
115 65 4
161 82 184
24 237 96
254 155 172
213 160 242
239 3 69
158 147 187
167 110 238
62 215 39
255 73 161
255 10 166
158 105 187
78 72 24
252 72 179
0 77 227
73 21 28
21 64 105
185 175 248
244 55 81
10 40 138
222 215 236
214 122 242
219 96 38
131 232 1
0 221 228
16 17 118
64 51 36
11 114 134
243 42 77
234 174 222
12 43 130
14 160 123
243 39 208
4 186 165
150 216 0
168 17 4
185 9 247
154 205 204
155 163 196
126 187 1
154 236 199
156 124 192
20 157 106
225 112 234
48 21 55
160 228 228
195 61 16
86 188 18
253 24 113
154 130 205
155 219 212
144 244 0
252 228 107
32 145 80
252 99 183
0 127 220
255 217 150
218 253 36
157 2 221
209 50 28
237 236 219
198 197 248
231 29 226
163 74 232
197 241 248
255 252 133
179 239 246
193 183 248
183 37 9
209 47 28
229 68 229
182 255 247
11 196 134
206 254 25
154 42 207
102 94 9
154 101 200
156 218 192
205 152 246
199 79 248
246 57 85
193 155 15
91 12 15
155 153 216
245 92 84
114 150 4
173 255 242
213 159 243
141 163 0
202 151 22
213 13 243
32 173 80
2 34 180
160 93 228
1 49 246
246 198 201
248 172 196
0 28 224
47 9 57
216 177 240
154 226 207
255 185 164
183 8 9
160 79 185
3 241 173
210 142 28
196 234 17
154 102 198
161 157 229
17 176 115
252 82 180
224 49 234
164 54 235
237 245 219
178 127 245
159 107 227
43 1 61
154 239 208
200 250 248
255 236 166
28 108 89
117 108 4
168 227 238
225 232 234
255 6 151
229 169 229
235 50 222
255 221 131
252 97 180
197 124 17
247 17 88
4 133 168
114 39 4
137 60 0
255 45 152
107 65 7
241 54 212
184 7 247
156 25 192
242 26 209
255 94 153
184 63 247
53 3 49
1 25 243
0 144 228
4 39 164
254 148 120
159 164 185
18 144 112
252 226 105
139 27 0
7 25 149
7 121 150
176 253 244
168 59 238
165 141 3
254 170 119
191 124 248
254 59 171
205 83 24
164 108 3
1 106 188
116 161 4
20 216 105
187 142 248
2 199 252
154 140 205
10 107 135
159 236 186
255 244 164
159 24 227
172 105 241
154 31 201
163 252 233
221 87 40
50 223 53
46 70 58
233 126 58
129 57 1
63 122 38
54 2 47
155 120 215
155 139 196
198 139 248
89 125 16
212 94 243
253 108 113
154 88 207
154 214 205
211 127 30
2 227 250
162 20 231
215 57 33
10 143 138
50 128 52
89 41 16
203 18 22
204 131 23
215 114 241
244 24 204
216 24 240
155 227 197
160 159 185
255 158 134
20 216 107
157 114 220
219 255 238
0 108 232
42 240 64
252 36 179
115 191 4
60 188 41
169 185 239
246 98 86
11 59 134
6 150 155
255 103 136
193 63 15
222 157 236
108 110 7
232 58 225
192 148 248
59 119 42
222 190 237
254 122 121
255 51 151
99 42 11
90 129 16
193 110 15
154 97 209
154 233 208
1 43 188
227 149 231
177 206 245
236 230 220
158 164 223
252 191 105
56 243 45
183 189 247
189 45 248
253 188 178
28 20 87
242 81 76
91 94 15
157 247 189
14 241 122
96 202 12
239 58 215
157 78 221
116 14 4
155 58 217
157 114 190
251 62 101
255 140 163
124 185 2
213 114 31
250 54 99
154 33 199
218 116 239
209 25 245
127 89 1
0 241 209
29 45 85
198 134 248
1 196 199
254 168 116
234 145 222
28 128 89
254 119 168
95 119 13
244 216 205
235 225 221
133 192 1
254 125 117
157 247 223
25 137 95
8 188 144
247 4 199
221 45 237
221 176 237
219 45 239
246 196 85
252 15 109
2 15 182
255 196 155
172 112 242
7 11 149
239 68 215
106 250 7
24 28 96
250 169 98
162 109 231
175 165 243
154 190 210
155 27 213
15 133 121
246 122 85
136 115 0
42 93 63
155 239 195
255 239 135
222 173 236
159 173 186
16 64 118
232 86 225
155 38 197
195 34 248
15 32 119
124 17 2
154 74 202
176 100 244
252 126 108
190 240 248
247 98 197
139 92 0
230 143 228
3 169 174
213 172 32
255 128 165
208 32 245
233 118 225
4 32 168
159 27 227
75 139 27
243 88 206
129 61 1
157 32 190
71 35 30
160 168 2
219 197 239
151 21 0
86 14 18
245 214 204
0 170 220
255 191 154
206 191 246
203 89 247
194 64 248
105 59 8
209 226 27
117 223 4
245 68 202
157 227 189
19 214 108
253 240 174
159 15 187
255 229 140
159 58 227
1 69 195
213 163 31
255 156 154
3 168 170
154 120 203
193 147 248
238 156 217
176 252 244
195 232 248
0 143 207
8 34 143
163 200 233
156 8 191
154 152 199
140 141 0
254 88 168
255 73 141
242 40 76
76 234 25
154 121 204
155 240 1
161 35 229
244 4 204
213 86 242
19 71 109
212 150 243
254 132 173
227 7 232
15 28 120
171 95 241
174 119 6
178 46 245
211 68 243
230 226 53
157 137 222
0 5 209
174 147 5
156 240 219
165 195 235
89 27 16
115 117 4
155 36 213
240 3 214
154 255 198
205 102 246
203 34 247
253 253 178
242 210 75
196 33 248
251 15 101
157 72 190
221 174 40
217 224 35
183 52 247
254 191 171
161 178 230
249 64 96
200 211 248
238 80 216
255 151 126
167 180 237
4 224 165
44 49 61
173 24 243
239 195 215
64 239 36
255 24 149
197 6 248
155 94 195
159 29 186
251 185 103
217 54 36
255 243 132
59 120 42
187 111 11
255 231 164
180 130 8
157 88 190
233 72 224
243 54 208
155 96 216
14 201 122
241 65 211
157 224 190
211 241 29
109 178 6
154 190 208
154 77 209
154 82 199
75 199 26
144 165 0
17 33 114
236 182 220
236 182 219
158 246 223
1 163 193
217 74 240
197 239 18
221 108 237
251 176 103
200 87 248
192 199 248
195 201 248
118 23 3
158 69 224
53 58 49
156 190 191
175 223 243
2 109 255
183 18 247
249 83 193
209 152 245
209 9 27
178 105 7
221 73 40
225 163 233
255 144 142
142 90 0
183 249 9
207 11 245
247 86 198
255 217 157
164 65 234
159 166 186
185 82 11
7 105 149
189 150 248
165 212 235
185 99 11
252 8 180
252 218 179
208 233 245
235 106 222
191 74 14
6 88 157
160 15 185
156 168 219
166 247 236
154 61 204
155 250 213
195 225 248
106 21 8
255 153 128
255 235 129
157 30 189
158 167 224
222 25 42
249 80 96
183 224 247
172 18 242
197 197 17
220 80 238
248 245 194
8 31 146
218 112 240
167 17 3
156 21 192
164 202 234
154 94 203
198 73 248
189 238 248
168 74 4
155 65 216
194 138 15
101 91 10
180 163 246
246 227 201
255 138 135
162 208 230
15 217 119
81 32 22
241 191 212
103 12 9
36 37 73
225 210 233
161 207 230
214 35 32
246 152 85
0 111 211
203 57 22
229 44 52
1 248 191
167 35 237
255 116 143
155 106 193
3 85 172
246 229 87
255 100 139
243 31 77
155 124 194
223 220 43
233 135 58
143 18 0
158 46 188
255 28 155
201 227 20
166 24 236
249 56 193
162 76 2
147 66 0
15 36 119
177 21 7
1 138 241
155 193 196
157 239 190
15 91 121
200 235 248
154 209 204
244 63 205
154 25 202
154 99 207
156 57 191
44 252 61
247 251 197
229 174 51
29 31 86
183 219 247
216 187 241
51 74 51
188 96 248
55 2 46
255 194 130
235 69 222
17 245 116
73 108 28
255 227 124
163 183 232
228 197 230
215 212 33
89 115 16
255 17 125
154 111 200
156 173 218
154 178 203
180 161 246
231 97 54
3 1 169
146 139 0
174 49 243
255 180 151
154 250 201
250 162 190
222 2 236
34 3 77
167 143 237
205 69 246
217 215 240
227 9 232
157 77 223
230 53 228
5 246 161
29 170 86
158 71 187
156 255 192
139 106 0
244 218 205
172 54 241
26 45 92
195 95 248
161 42 229
250 0 97
161 143 230
165 121 3
154 92 205
219 224 38
245 132 84
240 164 212
104 41 8
253 69 112
113 224 5
247 73 89
234 117 222
160 158 228
245 207 203
232 166 55
11 183 135
146 66 0
159 1 225
239 140 69
231 245 227
221 179 41
254 255 167
255 253 164
4 35 167
212 198 243
160 240 185
254 120 172
244 4 205
171 149 241
248 100 92
28 147 88
6 152 154
252 82 106
1 226 247
255 128 143
230 198 52
22 195 100
176 237 6
177 114 245
235 191 61
154 168 1
238 240 66
212 57 30
162 100 231
253 216 173
253 18 112
224 238 234
244 94 205
47 204 57
223 199 235
155 151 194
160 240 228
171 104 241
247 106 88
191 196 248
170 157 240
4 105 167
157 129 189
158 66 188
161 212 230
247 51 197
79 161 23
179 4 246
219 95 239
80 135 22
165 165 235
162 54 231
240 0 213
238 41 66
255 136 129
109 101 6
154 179 212
255 241 159
159 5 226
84 27 19
255 9 143
255 219 143
154 91 204
247 2 198
214 86 32
196 77 248
174 109 243
154 136 209
250 132 98
252 147 108
249 247 93
117 167 4
227 67 231
1 190 195
160 61 228
255 41 122
44 184 61
233 97 57
254 74 117
35 131 76
155 35 216
108 246 7
198 107 18
181 217 246
197 172 248
52 150 50
154 129 199
255 38 130
130 237 1
159 91 226
197 142 248
242 235 209
243 85 206
159 85 1
251 58 105
177 26 7
227 9 231
4 113 168
164 222 234
240 13 71
25 15 95
14 136 122
245 101 202
10 204 137
88 65 17
158 97 1
220 86 39
255 219 126
252 235 107
32 117 80
247 112 198
187 3 248
7 190 149
255 6 138
121 79 3
154 41 198
10 100 136
166 191 237
253 235 178
169 220 239
106 18 8
177 7 245
0 176 234
159 177 226
185 249 11
83 19 20
0 148 224
255 53 161
53 155 49
216 180 241
219 62 37
233 231 58
143 162 0
170 25 240
242 80 76
26 123 93
218 101 239
202 67 22
0 202 199
154 143 209
245 68 204
254 52 172
171 6 4
163 163 232
203 189 22
190 11 13
1 76 247
80 47 22
255 131 163
7 142 149
255 99 123
167 112 237
184 115 247
8 90 145
1 199 248
28 153 88
154 237 209
197 78 248
250 228 188
241 78 73
157 220 189
6 148 156
220 62 237
161 167 229
173 97 242
161 146 2
227 95 48
154 240 206
56 236 45
221 89 237
203 178 247
121 29 3
96 69 12
255 73 124
157 159 220
255 136 166
251 207 184
198 255 18
247 80 197
164 177 235
202 114 247
239 228 214
227 47 231
10 2 139
255 220 136
189 125 248
250 34 97
189 86 248
226 209 46
249 5 192
165 173 235
176 38 6
251 23 103
255 97 144
170 188 4
226 250 233
169 57 239
87 93 17
161 123 230
255 40 161
210 12 244
189 168 248
245 69 203
255 70 132
99 39 11
250 158 189
120 116 3
255 112 146
255 109 156
193 93 248
242 176 76
39 86 68
154 200 204
252 146 108
215 62 33
242 195 75
254 11 116
189 84 248
230 29 52
220 164 238
159 60 227
33 96 79
178 211 245
39 14 68
255 182 145
244 217 81
155 205 215
232 253 225
31 220 82
0 23 229
248 133 196
238 72 67
191 196 248
66 216 34
155 184 213
94 115 14
155 202 212
1 199 193
154 17 209
185 0 248
230 166 53
249 61 95
167 205 238
162 223 231
245 55 82
56 236 45
198 127 248
248 135 195
0 230 223
1 58 195
155 171 217
60 53 40
189 215 13
1 199 195
155 149 216
217 222 240
54 79 48
70 143 31
176 158 6
15 53 119
154 234 199
154 198 212
255 67 167
203 108 22
209 28 245
157 37 221
174 161 6
1 154 197
111 101 5
134 247 0
230 1 228
154 29 206
160 51 185
8 53 143
255 122 142
2 236 249
239 110 214
155 236 214
224 83 44
248 59 92
160 18 228
4 161 169
232 198 226
154 240 199
19 122 110
154 186 205
155 32 197
159 115 227
154 211 210
32 175 80
92 45 14
247 39 89
189 255 13
158 82 188
251 170 183
51 72 51
230 81 53
159 207 226
176 25 244
79 5 23
138 115 0
114 216 5
197 149 17
235 83 61
177 90 244
225 26 234
237 32 218
38 1 70
162 75 232
255 15 153
156 130 220
206 176 246
154 157 205
86 120 18
76 57 25
150 92 0
254 152 117
195 242 248
246 58 200
173 94 242
132 244 1
254 55 118
220 72 238
160 101 185
12 47 128
254 88 119
178 187 245
231 240 227
76 2 26
44 141 61
154 184 203
226 240 47
168 16 4
160 42 185
201 237 21
232 228 226
0 60 207
201 155 20
109 111 6
156 5 217
168 75 239
160 133 2
255 234 145
222 164 42
238 247 68
231 199 54
205 217 246
158 220 188
39 124 68
167 199 3
154 46 199
255 219 150
0 237 209
94 100 13
163 80 232
157 136 221
224 249 234
81 163 22
159 104 186
128 124 1
129 198 1
182 36 9
144 142 0
255 199 125
182 154 247
159 145 226
249 38 94
230 186 53
2 209 180
248 101 195
219 146 239
155 211 216
0 183 224
159 60 2
165 14 3
207 44 25
229 167 229
139 9 0
3 42 171
158 156 188
255 84 140
28 249 88
154 5 203
9 69 142
216 161 240
120 156 3
78 253 24
156 56 217
222 70 41
243 152 206
165 224 235
0 248 229
160 227 185
86 190 18
248 134 90
224 94 235
240 213 213
79 161 23
1 47 242
243 186 77
154 230 198
213 143 243
9 97 142
0 61 202
249 77 190
1 86 197
255 117 157
150 216 0
255 59 151
255 134 162
155 55 213
190 220 13
154 123 201
116 116 4
255 185 146
195 63 16
25 215 94
0 45 203
154 147 198
249 17 191
200 181 20
228 153 49
156 82 1
212 58 243
10 216 137
255 67 148
148 210 0
1 153 239
119 39 3
177 214 7
114 8 5
177 100 245
87 50 17
255 95 126
240 80 213
232 242 56
245 85 203
123 141 2
196 150 248
26 86 91
194 18 248
183 27 9
54 146 47
182 129 9
155 217 197
254 73 116
158 22 1
185 40 247
14 0 123
165 98 3
249 10 193
179 206 7
255 47 135
46 223 57
193 23 15
211 185 243
210 90 28
255 188 141
255 207 123
232 5 56
184 22 247
185 195 248
250 140 188
81 138 21
0 53 223
9 27 143
156 160 219
255 247 151
140 59 0
205 41 24
157 222 189
160 202 229
154 61 204
164 221 234
236 148 219
182 86 9
10 188 138
228 43 231
254 54 120
252 170 182
0 3 207
57 173 43
88 122 17
93 167 14
250 132 100
155 129 214
204 114 247
10 242 138
235 87 62
86 130 18
180 193 246
3 203 174
138 225 0
236 136 62
164 125 233
221 172 237
242 157 76
184 160 247
255 150 138
110 164 6
189 4 13
19 224 108
207 112 246
11 152 132
203 241 247
15 140 119
252 243 180
156 145 217
164 24 234
155 237 213
154 161 204
249 11 190
0 165 214
231 184 55
1 221 194
225 90 233
245 218 82
162 163 231
238 108 216
64 237 36
158 159 1
235 163 61
165 251 235
253 110 177
169 8 4
222 77 236
173 236 242
252 228 107
163 104 233
103 12 9
0 231 218
210 148 28
113 41 5
192 17 248
154 190 204
155 131 212
171 88 241
215 41 241
168 96 238
154 150 208
170 240 240
50 45 52
191 242 14
154 150 204
159 255 226
0 220 229
252 122 182
249 234 191
156 29 192
169 230 239
154 44 208
220 118 238
173 99 5
35 90 74
143 2 0
254 239 170
128 201 1
240 254 70
40 9 66
199 12 248
216 169 35
252 6 105
188 55 248
206 128 246
166 208 3
103 45 9
190 231 13
255 255 150
212 206 30
156 240 217
235 167 221
171 31 241
184 34 247
159 124 225
254 189 168
238 85 66
248 11 196
197 77 248
154 121 199
202 121 247
162 200 231
2 160 253
155 84 215
60 246 41
157 81 222
155 133 214
239 168 215
203 156 22
208 101 245
193 26 248
154 172 200
182 232 9
176 91 244
162 225 231
209 111 245
235 36 60
42 178 64
240 208 213
76 137 25
154 236 202
152 45 0
159 29 186
166 234 3
162 113 232
200 31 248
157 126 223
160 122 185
251 213 186
250 162 97
56 63 45
194 209 248
162 248 231
189 27 248
253 72 175
245 4 203
255 234 144
160 217 184
117 158 4
160 8 185
185 220 247
249 198 193
229 181 229
179 72 245
120 26 3
239 71 215
193 126 15
159 58 225
245 201 202
255 224 149
184 56 247
253 18 114
245 208 203
6 244 155
253 1 114
222 45 236
255 169 138
160 162 185
197 11 248
186 132 248
254 209 168
240 75 213
187 18 11
49 83 53
159 97 186
156 153 1
159 218 226
108 145 7
47 210 56
104 58 8
208 16 26
18 75 112
255 153 122
162 211 231
232 93 225
255 11 156
252 64 182
191 112 248
147 104 0
175 94 243
0 216 221
210 231 244
0 143 224
158 163 187
66 245 34
158 165 188
254 158 172
154 58 204
212 196 243
219 122 239
31 162 82
154 149 198
253 254 177
157 176 221
63 97 37
227 3 48
202 194 247
190 254 13
255 254 144
165 208 235
174 190 243
160 64 185
247 208 196
56 35 45
206 249 246
176 203 6
241 203 74
217 235 36
190 223 13
9 48 141
19 173 110
179 168 7
246 224 84
188 156 12
55 241 47
160 10 228
255 160 143
1 81 248
255 213 162
243 123 208
243 227 207
20 55 106
255 180 122
66 39 34
255 134 136
250 156 189
252 12 109
242 18 75
249 140 95
27 11 89
254 27 120
1 217 195
188 87 12
154 125 199
176 241 244
196 99 17
176 105 244
17 122 113
176 65 244
194 216 15
97 138 12
16 74 118
227 103 48
251 120 101
155 120 194
187 248 248
129 17 1
248 182 194
244 42 81
107 15 7
160 228 185
154 90 202
100 20 10
255 94 155
115 215 4
253 12 109
186 34 248
213 145 31
238 70 217
255 148 150
241 98 212
154 140 208
209 31 245
0 212 211
80 12 22
255 169 162
196 212 17
233 141 57
233 19 224
155 191 197
105 54 8
156 163 191
240 243 70
68 162 33
0 115 231
2 122 178
254 13 172
154 194 202
206 150 25
1 49 191
159 188 186
207 43 26
154 119 201
159 203 186
211 60 30
219 69 239
187 118 248
170 255 240
220 224 238
2 33 182
247 56 198
210 2 244
236 130 63
230 225 53
212 235 30
201 171 247
225 101 45
161 137 229
8 195 144
98 198 11
216 18 241
12 13 129
186 78 248
155 212 195
250 5 189
184 139 247
12 6 131
48 235 55
202 247 21
2 193 180
155 163 197
251 140 185
197 116 248
255 56 129
88 45 17
180 215 8
17 21 114
211 119 29
196 18 248
226 248 233
252 166 182
222 135 236
252 174 180
1 247 243
206 50 246
47 140 56
29 252 85
157 97 190
255 210 143
244 174 80
20 95 106
164 194 3
181 131 246
186 6 248
34 170 77
24 241 96
249 136 191
210 178 244
1 174 189
74 229 27
31 18 81
112 119 5
1 121 186
155 29 194
173 203 242
179 236 246
239 134 216
236 184 219
8 171 144
255 202 154
160 232 185
158 194 223
160 42 185
157 83 189
50 200 52
255 100 156
244 221 205
250 248 188
164 225 3
159 79 226
57 74 44
62 228 38
157 180 221
159 26 227
1 3 191
170 43 240
24 78 98
12 254 129
156 69 191
158 58 187
49 146 53
159 51 227
194 78 15
216 84 240
205 62 246
177 58 245
255 175 144
31 51 81
237 140 219
182 157 247
193 98 248
244 56 204
255 128 148
186 112 248
157 172 220
252 148 107
182 123 247
160 31 227
93 102 14
255 82 142
233 102 225
146 122 0
203 156 22
153 217 1
155 249 217
171 12 241
27 22 90
154 57 211
53 68 49
160 203 184
155 156 194
154 63 210
240 208 214
158 194 1
1 193 192
1 71 192
188 223 12
154 130 199
178 204 245
219 8 238
28 191 88
239 251 216
96 72 12
157 234 188
218 112 37
157 27 190
59 118 42
174 208 5
203 78 247
240 184 71
156 60 192
255 61 134
247 255 198
2 184 179
255 204 163
157 142 190
38 104 70
146 3 0
190 188 248
184 60 247
179 10 245
254 91 115
208 83 27
48 102 54
172 158 242
239 60 215
173 5 242
201 192 247
235 95 222
159 85 186
154 116 203
210 236 244
249 78 95
155 9 194
130 91 1
190 225 248
137 242 0
245 25 203
241 28 210
255 181 166
1 196 246
235 49 221
244 163 204
154 10 203
158 218 188
164 89 234
4 66 164
82 170 21
176 249 6
227 50 48
11 158 132
160 91 228
224 26 44
43 32 62
255 50 123
155 99 214
1 138 195
180 237 8
182 26 247
247 145 197
250 108 187
102 239 9
229 95 229
120 21 3
74 202 27
175 134 244
210 139 244
174 12 6
1 248 192
156 93 217
227 193 231
51 70 51
17 9 115
254 152 168
202 163 22
255 145 150
91 214 15
151 57 0
154 166 202
168 133 4
47 238 56
154 96 202
163 30 233
232 186 55
252 189 106
0 71 227
168 149 3
0 83 227
1 11 187
155 30 197
215 177 241
255 235 138
175 30 243
255 146 125
250 164 98
188 129 248
154 58 202
179 101 8
238 105 66
169 71 239
122 119 2
215 64 33
203 120 22
254 105 172
121 25 3
25 199 94
233 95 224
249 196 192
103 119 9
177 238 7
245 193 203
158 218 188
155 35 215
213 226 242
255 151 131
0 138 214
255 111 166
174 175 243
8 70 145
158 158 188
157 227 190
200 13 248
173 28 243
232 48 56
60 110 41
142 48 0
168 64 239
159 114 186
249 108 95
193 72 15
23 209 99
136 195 0
250 151 187
154 77 198
221 36 237
160 29 2
14 224 123
0 138 214
212 254 30
251 118 104
158 15 187
153 131 1
250 2 98
229 237 50
203 175 22
255 6 147
154 194 199
156 162 192
13 184 126
77 248 24
247 203 196
82 2 21
255 4 155
138 75 0
156 158 192
232 245 56
220 170 238
158 77 187
