32
32
7
11
11
28
1
41
9
4
11
42
41
31
16
17
6
25
3
7
4
23
33
3
9
38
34
38
45
22
47
20
20
21
9
21
31
8
20
29
13
36
7
19
5
36
1
29
6
31
9
38
47
16
3
27
48
5
11
40
29
37
9
8
47
49
47
34
18
20
9
24
43
42
32
48
39
44
19
43
31
20
39
23
18
23
30
1
16
16
17
32
36
49
41
46
47
15
45
38
14
26
11
31
10
23
31
44
49
7
3
27
22
6
15
0
23
38
44
46
49
5
44
28
12
14
39
42
32
6
13
19
35
30
27
21
11
31
14
41
5
46
38
46
9
40
43
3
39
30
33
49
11
31
38
29
8
41
12
35
14
24
29
45
11
28
19
10
32
44
32
41
22
30
24
33
44
42
10
21
0
38
35
21
17
24
42
46
39
38
42
23
26
27
49
12
26
17
12
45
38
0
8
44
42
45
38
34
19
4
4
20
0
7
2
17
0
2
27
2
45
0
15
9
23
12
20
8
29
42
46
25
34
18
31
25
26
7
45
45
49
40
41
1
49
11
37
17
27
16
32
8
49
5
21
12
41
8
9
37
42
34
2
7
2
29
47
14
37
43
28
36
48
4
19
23
30
45
34
15
34
6
35
21
8
34
43
7
49
49
33
0
6
16
46
38
6
47
30
29
46
40
47
1
46
13
17
27
39
44
22
31
39
49
49
46
44
41
31
45
2
24
37
48
30
20
43
40
43
19
38
0
44
23
16
29
1
10
42
24
23
1
40
23
49
41
45
13
28
46
17
16
31
37
49
45
41
46
29
19
46
45
20
47
36
35
13
4
3
38
3
2
45
18
42
8
33
40
27
4
6
37
27
44
22
49
24
31
7
32
19
14
19
9
14
25
12
14
34
32
18
12
46
32
5
39
4
2
15
14
28
33
40
6
28
38
11
16
37
33
16
44
48
8
50
21
21
49
43
17
5
24
34
0
47
32
33
3
8
45
23
18
9
19
12
8
43
5
15
23
44
38
10
18
24
18
19
26
23
33
28
47
38
37
24
39
20
12
2
20
24
12
42
50
49
47
26
1
45
27
37
46
46
11
10
35
26
13
23
33
35
48
38
45
13
50
4
46
1
24
8
11
4
9
31
42
43
30
37
41
42
6
3
14
40
16
27
5
4
32
50
9
32
46
42
40
33
33
17
21
17
3
0
25
45
7
17
49
43
23
38
42
10
28
46
47
25
33
17
39
19
14
42
17
26
24
39
40
33
5
5
48
18
11
19
7
27
42
12
13
23
44
29
40
2
45
39
20
7
38
6
2
27
24
38
32
27
3
17
16
38
48
44
14
48
26
19
44
23
39
21
19
37
26
7
44
46
21
17
17
17
28
27
48
24
11
46
20
39
44
27
8
11
5
6
45
28
37
43
3
25
17
1
45
19
3
14
45
38
4
11
27
13
21
37
18
47
32
24
16
19
47
8
41
21
37
2
41
36
17
36
40
21
49
24
15
15
14
39
32
38
21
1
45
23
1
25
8
48
32
24
47
4
14
20
11
14
48
46
9
2
3
37
23
25
29
41
4
36
8
21
16
45
16
23
18
45
10
35
12
16
30
7
48
35
7
9
40
38
6
20
3
15
15
23
29
14
27
2
31
32
12
23
8
28
15
20
26
10
47
43
11
20
41
25
14
3
1
27
32
26
42
34
24
34
2
19
20
6
45
20
2
32
39
5
5
3
41
37
45
19
19
7
48
17
33
17
27
15
14
14
38
7
42
2
11
50
12
22
16
32
34
31
18
25
37
34
16
21
24
9
1
34
46
13
9
34
23
23
16
19
34
47
0
7
9
4
6
14
39
26
26
1
7
31
28
12
11
33
17
22
46
17
35
2
9
4
14
13
35
6
33
39
12
21
25
8
45
40
20
39
43
18
8
32
28
49
33
30
48
10
25
2
47
28
25
29
2
31
30
37
1
24
33
9
22
35
36
45
34
50
3
2
45
15
4
21
4
5
2
43
21
30
44
12
17
42
13
42
26
19
45
41
26
9
18
32
40
26
4
6
4
12
30
47
36
11
24
4
22
17
44
10
15
17
18
7
18
47
44
1
2
37
21
11
44
14
8
28
8
35
4
31
28
20
39
27
38
28
19
8
21
30
46
36
8
29
19
31
23
24
47
16
0
23
21
10
28
44
47
27
50
25
30
45
35
11
30
36
29
32
8
23
27
18
21
43
18
2
8
10
28
13
10
47
1
1
8
21
40
12
17
40
9
8
20
29
26
39
5
24
8
40
25
25
4
21
32
14
11
5
27
27
28
38
18
48
8
26
43
30
26
43
6
39
33
12
14
42
3
26
37
8
14
20
21
36
27
34
18
47
9
29
44
45
21
46
40
36
31
26
27
44
21
13
46
25
38
3
46
10
23
10
39
11
49
8
34
40
49
24
42
17
31
30
37
10
29
44
17
33
48
5
21
23
35
9
33
34
50
40
24
46
26
10
12
46
50
44
5
14
22
29
1
47
17
8
11
36
31
5
42
17
15
38
39
26
7
23
22
33
21
9
15
20
18
46
25
13
28
13
31
22
9
35
27
25
35
18
10
40
8
24
16
13
21
25
39
22
38
25
24
14
29
43
4
27
32
29
26
13
30
17
8
44
12
43
25
28
6
19
44
49
21
29
13
41
6
40
6
48
5
13
30
28
10
9
28
42
14
21
49
48
6
42
34
48
6
17
42
41
35
45
3
6
23
33
16
7
35
48
38
37
19
4
0
46
25
50
20
6
31
28
8
47
19
3
45
4
3
8
5
44
40
28
34
1
22
42
30
8
11
40
37
38
33
30
11
18
20
43
9
24
7
15
4
40
41
36
26
14
21
11
37
26
17
0
46
26
12
19
41
43
4
31
35
0
33
19
48
33
39
6
10
36
25
31
29
30
15
1
43
35
3
24
48
40
9
7
18
40
1
37
37
34
37
26
12
8
28
30
48
21
17
6
49
36
35
32
18
37
47
1
25
44
4
46
17
38
40
6
31
21
9
49
0
40
28
18
20
40
50
29
3
16
46
48
22
48
24
36
24
24
6
34
4
38
25
33
44
48
3
22
33
31
36
16
46
25
36
49
38
34
38
11
40
26
20
30
21
38
14
44
14
34
42
34
3
26
36
13
45
35
22
34
25
43
33
16
32
25
26
30
12
13
22
40
49
46
7
24
37
32
1
8
4
9
19
34
46
18
26
22
48
42
40
40
27
6
15
46
30
40
12
47
37
30
9
17
29
13
25
39
34
45
15
46
15
45
23
6
9
6
4
22
49
30
48
18
28
8
20
41
36
30
9
23
35
17
11
27
9
39
49
32
38
14
4
6
10
16
10
5
10
42
33
4
8
49
22
22
2
10
5
17
35
43
37
23
38
29
43
15
32
27
13
15
35
39
34
24
32
6
19
10
12
8
23
29
21
14
3
15
9
50
6
42
7
6
20
33
16
14
4
34
11
8
16
30
43
20
41
4
36
1
35
9
15
7
0
22
28
42
14
8
13
23
21
25
0
38
0
13
22
18
12
38
20
33
8
21
25
13
27
21
47
27
17
25
0
14
13
23
20
34
42
1
36
8
39
43
39
32
45
26
8
19
24
22
13
36
11
49
16
49
1
41
1
23
4
16
17
44
3
23
7
41
31
15
34
25
9
11
0
21
42
15
35
29
31
34
46
45
34
28
34
42
8
25
50
24
20
20
45
26
41
25
22
27
29
28
44
26
48
34
3
11
33
11
45
11
33
39
45
31
27
3
13
37
22
29
39
0
4
39
24
38
27
13
32
20
24
20
5
16
49
40
24
33
30
19
3
39
2
29
41
49
47
23
4
32
48
1
32
4
1
32
17
13
10
17
48
21
16
30
30
32
15
31
8
46
39
17
46
13
3
22
12
46
42
33
48
3
22
14
26
40
34
45
32
14
18
22
17
22
50
15
43
44
2
25
29
45
35
12
13
44
44
22
16
48
41
44
38
48
2
11
12
20
19
46
24
0
7
0
1
42
24
21
22
35
8
42
41
7
8
48
10
44
46
2
1
42
8
33
17
15
11
25
44
19
12
14
21
25
13
7
27
12
8
40
25
19
36
33
36
6
10
44
5
42
0
3
5
20
36
48
48
34
3
12
17
44
20
39
1
31
2
42
35
15
29
2
25
21
47
24
2
43
36
13
13
12
26
32
42
11
20
11
15
19
1
4
16
28
2
37
13
37
21
20
23
50
19
21
4
1
9
47
40
35
31
46
8
31
43
26
6
48
34
12
21
22
39
18
38
41
11
16
35
48
6
18
42
45
23
33
24
40
36
4
35
43
4
9
30
27
49
35
49
48
3
17
25
11
26
27
13
4
34
29
10
38
32
33
23
38
44
19
22
39
34
21
1
6
16
26
49
23
11
46
1
2
15
11
30
42
37
10
1
28
33
45
37
22
3
17
36
45
49
32
27
1
36
27
30
33
25
3
2
46
41
21
40
24
37
2
30
17
1
