0 250
0 647
0 1513
0 1986
0 679
1 1602
1 91
1 854
1 526
1 790
2 1537
2 292
2 578
2 42
2 1535
3 785
3 164
3 1036
3 826
3 894
4 1807
4 934
4 1670
4 1149
4 484
5 1761
5 1163
5 1352
5 620
5 1851
6 574
6 963
6 214
6 882
6 498
7 657
7 1655
7 157
7 848
7 356
8 1556
8 621
8 445
8 1240
8 1104
9 1353
9 1213
9 531
9 1552
9 370
10 1959
10 158
10 347
10 622
10 843
11 127
11 541
11 338
11 1906
11 186
12 260
12 1705
12 1434
12 177
12 541
13 892
13 729
13 1296
13 958
13 1193
14 1547
14 1455
14 528
14 1439
14 832
15 530
15 1258
15 1732
15 53
15 1976
16 1460
16 113
16 1207
16 109
16 1092
17 546
17 865
17 1146
17 1160
17 231
18 834
18 887
18 468
18 46
18 1885
19 1324
19 1179
19 1250
19 1241
19 1598
20 1303
20 1938
20 1619
20 1068
20 1503
21 724
21 1624
21 1789
21 1459
21 959
22 558
22 752
22 459
22 150
22 1578
23 1742
23 368
23 1463
23 1920
23 1989
24 521
24 874
24 1461
24 1233
24 178
25 1702
25 668
25 1601
25 465
25 330
26 1404
26 1637
26 828
26 1849
26 1205
27 51
27 670
27 1041
27 353
27 947
28 220
28 478
28 238
28 372
28 1458
29 808
29 1560
29 1129
29 982
29 83
30 1585
30 300
30 928
30 1440
30 739
31 78
31 1349
31 1834
31 1550
31 601
32 720
32 1005
32 965
32 700
32 1567
33 1342
33 1901
33 226
33 1200
33 1183
34 1070
34 716
34 689
34 542
34 835
35 1651
35 1183
35 1200
35 1063
35 1778
36 1141
36 906
36 868
36 1521
36 942
37 1497
37 202
37 503
37 1564
37 604
38 1810
38 1778
38 596
38 1427
38 226
39 155
39 60
39 1940
39 299
39 543
40 1450
40 1154
40 305
40 1811
40 912
41 1375
41 1046
41 271
41 876
41 159
42 578
42 926
42 1537
42 2
42 1791
43 770
43 771
43 359
43 1574
43 1779
44 888
44 559
44 1897
44 140
44 406
45 658
45 978
45 1147
45 1835
45 1763
46 834
46 1982
46 675
46 813
46 468
47 1184
47 1112
47 1256
47 1528
47 173
48 296
48 1503
48 404
48 719
48 1954
49 1341
49 1083
49 1943
49 792
49 1167
50 223
50 1481
50 981
50 1491
50 70
51 1041
51 353
51 1273
51 27
51 1878
52 482
52 1050
52 994
52 803
52 461
53 1217
53 589
53 1694
53 649
53 293
54 531
54 761
54 1962
54 672
54 1423
55 1817
55 1022
55 1166
55 1561
55 1936
56 1358
56 491
56 863
56 994
56 1837
57 1189
57 367
57 1179
57 1241
57 885
58 1862
58 178
58 1827
58 1074
58 827
59 377
59 1346
59 145
59 1436
59 1889
60 1940
60 155
60 39
60 299
60 1030
61 1973
61 602
61 1313
61 1509
61 1379
62 258
62 251
62 1729
62 1447
62 284
63 1011
63 955
63 1647
63 388
63 24
64 475
64 961
64 651
64 1331
64 297
65 385
65 1957
65 1979
65 1614
65 856
66 1444
66 1741
66 363
66 1321
66 1855
67 1804
67 811
67 802
67 232
67 1664
68 1122
68 1468
68 829
68 1348
68 1805
69 362
69 757
69 466
69 283
69 1813
70 1887
70 223
70 1491
70 50
70 981
71 680
71 1648
71 1691
71 1697
71 1915
72 146
72 1809
72 122
72 851
72 592
73 1434
73 177
73 1549
73 1081
73 1029
74 1846
74 170
74 585
74 318
74 352
75 1898
75 1774
75 687
75 1707
75 302
76 556
76 1157
76 1243
76 1518
76 945
77 1369
77 1972
77 203
77 1947
77 309
78 31
78 1349
78 1834
78 601
78 1550
79 740
79 506
79 146
79 783
79 72
80 387
80 106
80 1980
80 1284
80 762
81 1539
81 944
81 1523
81 359
81 1884
82 1599
82 415
82 1672
82 1570
82 1338
83 982
83 1650
83 1592
83 808
83 799
84 373
84 776
84 1504
84 588
84 832
85 704
85 1128
85 648
85 1101
85 1362
86 1298
86 298
86 973
86 1141
86 977
87 341
87 1311
87 862
87 1276
87 1759
88 789
88 703
88 408
88 417
88 1354
89 279
89 710
89 1850
89 923
89 774
90 631
90 609
90 1448
90 1998
90 429
91 854
91 1
91 1713
91 824
91 1328
92 1118
92 1597
92 915
92 1315
92 485
93 1107
93 1882
93 1498
93 495
93 354
94 902
94 1626
94 1966
94 509
94 1266
95 1960
95 1336
95 119
95 304
95 544
96 434
96 928
96 1585
96 859
96 1910
97 448
97 1636
97 1457
97 394
97 1270
98 1212
98 1653
98 633
98 346
98 277
99 451
99 1159
99 1366
99 718
99 1942
100 267
100 745
100 1590
100 125
100 1512
101 903
101 1060
101 457
101 382
101 1480
102 640
102 1384
102 1668
102 1117
102 501
103 824
103 1894
103 153
103 1627
103 1
104 1797
104 860
104 937
104 442
104 916
105 539
105 116
105 1708
105 1372
105 172
106 1639
106 80
106 762
106 311
106 1726
107 450
107 1174
107 1062
107 1858
107 1088
108 1351
108 424
108 1417
108 313
108 1927
109 113
109 1207
109 1460
109 413
109 16
110 1236
110 918
110 629
110 214
110 370
111 603
111 641
111 554
111 1981
111 1437
112 1111
112 1500
112 1071
112 1459
112 674
113 1207
113 109
113 413
113 16
113 1460
114 1628
114 391
114 1869
114 665
114 780
115 574
115 6
115 931
115 963
115 214
116 105
116 1708
116 872
116 340
116 1262
117 1390
117 206
117 415
117 1338
117 189
118 163
118 1798
118 346
118 702
118 1392
119 1336
119 95
119 1960
119 544
119 143
120 1182
120 427
120 289
120 473
120 314
121 1920
121 1463
121 1543
121 1203
121 814
122 1809
122 72
122 592
122 146
122 118
123 1023
123 1510
123 1704
123 1297
123 864
124 1575
124 1734
124 471
124 1670
124 1861
125 1590
125 1512
125 1963
125 745
125 1750
126 1684
126 819
126 717
126 1073
126 1157
127 11
127 1786
127 541
127 229
127 186
128 1097
128 1521
128 828
128 1373
128 906
129 1833
129 840
129 253
129 1829
129 580
130 494
130 1737
130 1591
130 1043
130 513
131 1700
131 392
131 1259
131 1258
131 1049
132 1402
132 1505
132 1058
132 490
132 1046
133 1249
133 173
133 1231
133 1119
133 504
134 566
134 1926
134 748
134 611
134 777
135 1093
135 1155
135 671
135 211
135 886
136 615
136 976
136 1104
136 1019
136 444
137 234
137 318
137 869
137 507
137 1699
138 936
138 1162
138 1812
138 897
138 778
139 1616
139 743
139 1472
139 1536
139 1991
140 44
140 1872
140 909
140 888
140 682
141 1377
141 1978
141 847
141 1056
141 300
142 295
142 579
142 1383
142 1681
142 1073
143 315
143 205
143 294
143 119
143 1673
144 1003
144 1143
144 1096
144 1470
144 1116
145 377
145 1346
145 59
145 1889
145 767
146 72
146 851
146 740
146 79
146 1809
147 784
147 1701
147 881
147 1712
147 1283
148 465
148 1125
148 1844
148 668
148 1601
149 1006
149 1965
149 1548
149 858
149 695
150 1035
150 1216
150 558
150 22
150 1944
151 856
151 240
151 537
151 1706
151 385
152 563
152 1840
152 1175
152 255
152 1776
153 1627
153 1412
153 103
153 324
153 824
154 655
154 330
154 181
154 508
154 25
155 1940
155 60
155 299
155 39
155 1030
156 1076
156 733
156 1794
156 1625
156 904
157 657
157 1655
157 345
157 7
157 1635
158 843
158 622
158 10
158 912
158 1959
159 876
159 839
159 41
159 1375
159 271
160 1170
160 1140
160 1110
160 1018
160 1734
161 339
161 1215
161 275
161 488
161 1566
162 979
162 1084
162 1704
162 298
162 711
163 1798
163 118
163 702
163 346
163 1603
164 785
164 3
164 826
164 1777
164 1479
165 967
165 193
165 218
165 543
165 1970
166 1288
166 1280
166 564
166 453
166 208
167 1941
167 1293
167 393
167 1968
167 1261
168 527
168 290
168 519
168 435
168 1944
169 1032
169 1301
169 1062
169 597
169 383
170 585
170 1846
170 74
170 318
170 1749
171 1626
171 317
171 1792
171 1209
171 190
172 1372
172 1879
172 529
172 310
172 1529
173 1249
173 133
173 1256
173 1231
173 1441
174 191
174 693
174 1685
174 275
174 470
175 1098
175 526
175 1453
175 1407
175 1594
176 383
176 1108
176 968
176 1622
176 1766
177 1434
177 186
177 260
177 541
177 12
178 1827
178 58
178 827
178 1868
178 1074
179 654
179 1045
179 985
179 1389
179 798
180 1286
180 1784
180 871
180 656
180 1225
181 330
181 1067
181 154
181 465
181 655
182 1144
182 398
182 1314
182 207
182 1326
183 844
183 1652
183 1788
183 1044
183 933
184 536
184 1309
184 1148
184 1751
184 1180
185 1359
185 598
185 1958
185 648
185 964
186 541
186 177
186 1434
186 127
186 229
187 1102
187 523
187 1114
187 545
187 482
188 540
188 1731
188 576
188 1686
188 1254
189 1338
189 1570
189 492
189 415
189 206
190 1792
190 1830
190 1562
190 1209
190 1248
191 693
191 174
191 275
191 1685
191 440
192 821
192 236
192 1933
192 630
192 903
193 218
193 165
193 967
193 1970
193 516
194 713
194 1433
194 120
194 1182
194 1796
195 1400
195 709
195 1525
195 1688
195 569
196 1316
196 1411
196 899
196 1060
196 1760
197 774
197 1275
197 1717
197 1478
197 829
198 1677
198 396
198 1666
198 401
198 685
199 901
199 575
199 1767
199 332
199 1454
200 1942
200 1312
200 1159
200 1366
200 627
201 433
201 331
201 303
201 1999
201 1246
202 1497
202 37
202 604
202 772
202 1564
203 1369
203 1972
203 77
203 493
203 534
204 896
204 1248
204 1913
204 1595
204 1209
205 315
205 1673
205 143
205 1603
205 883
206 117
206 1390
206 189
206 1338
206 415
207 547
207 376
207 1368
207 182
207 232
208 564
208 601
208 1134
208 1288
208 390
209 766
209 1975
209 639
209 1683
209 262
210 379
210 1839
210 496
210 1020
210 1039
211 760
211 886
211 135
211 1093
211 617
212 1559
212 1969
212 581
212 371
212 1676
213 1579
213 677
213 1173
213 1027
213 1803
214 882
214 629
214 6
214 574
214 963
215 1208
215 924
215 1720
215 1955
215 350
216 1633
216 996
216 930
216 728
216 1800
217 320
217 1715
217 1831
217 881
217 1735
218 193
218 165
218 1863
218 970
218 967
219 995
219 371
219 867
219 1839
219 1039
220 478
220 28
220 1458
220 372
220 238
221 1571
221 813
221 675
221 1982
221 690
222 884
222 686
222 809
222 1457
222 818
223 50
223 1491
223 70
223 981
223 1481
224 1881
224 431
224 1527
224 1697
224 1754
225 1036
225 894
225 1175
225 1572
225 826
226 1427
226 1342
226 684
226 1810
226 38
227 445
227 621
227 1240
227 8
227 1556
228 943
228 626
228 1347
228 956
228 276
229 1786
229 986
229 1600
229 127
229 186
230 1054
230 625
230 523
230 1458
230 187
231 1146
231 865
231 1333
231 1821
231 470
232 811
232 1971
232 67
232 1804
232 802
233 650
233 949
233 1753
233 84
233 373
234 318
234 519
234 1749
234 137
234 170
235 1410
235 899
235 1654
235 1177
235 1367
236 821
236 192
236 630
236 750
236 1933
237 287
237 375
237 281
237 1230
237 715
238 372
238 361
238 28
238 220
238 1642
239 1642
239 974
239 439
239 1842
239 1947
240 151
240 856
240 252
240 1358
240 1929
241 1150
241 573
241 1306
241 1820
241 842
242 767
242 1906
242 1346
242 377
242 1918
243 1801
243 889
243 1852
243 1633
243 1225
244 1465
244 663
244 773
244 1325
244 323
245 1934
245 1964
245 1525
245 1524
245 1251
246 768
246 418
246 1085
246 978
246 1473
247 610
247 608
247 441
247 1587
247 1376
248 1166
248 1022
248 1817
248 1437
248 1660
249 420
249 1153
249 1732
249 797
249 1841
250 0
250 647
250 1513
250 729
250 958
251 1729
251 62
251 939
251 284
251 258
252 1929
252 344
252 1927
252 240
252 313
253 1833
253 816
253 1425
253 129
253 1619
254 671
254 886
254 1093
254 1155
254 1271
255 1840
255 563
255 152
255 1175
255 1776
256 1705
256 1210
256 260
256 1395
256 1081
257 284
257 1558
257 1263
257 1526
257 1308
258 62
258 1447
258 251
258 1151
258 1729
259 1995
259 795
259 644
259 1876
259 590
260 1434
260 12
260 1705
260 177
260 256
261 1077
261 796
261 1245
261 1629
261 278
262 1785
262 1246
262 755
262 1871
262 303
263 292
263 2
263 1042
263 1911
263 1537
264 1800
264 996
264 1852
264 728
264 889
265 1449
265 1474
265 952
265 956
265 1193
266 1114
266 545
266 969
266 1102
266 1234
267 100
267 745
267 1590
267 1064
267 125
268 480
268 1967
268 1553
268 1124
268 1381
269 1176
269 1895
269 851
269 1772
269 1511
270 460
270 1984
270 938
270 727
270 1659
271 41
271 1375
271 876
271 1046
271 159
272 1695
272 1612
272 1663
272 1467
272 1091
273 1496
273 691
273 1492
273 1623
273 1371
274 927
274 550
274 456
274 1883
274 329
275 339
275 1566
275 1215
275 161
275 343
276 1724
276 507
276 1446
276 869
276 956
277 702
277 633
277 1603
277 346
277 1673
278 796
278 1890
278 1951
278 1899
278 1077
279 1850
279 89
279 409
279 778
279 1110
280 1495
280 1077
280 278
280 1899
280 796
281 380
281 237
281 430
281 560
281 1230
282 1555
282 698
282 975
282 1951
282 1790
283 1879
283 469
283 529
283 1880
283 362
284 257
284 1729
284 712
284 1308
284 1263
285 806
285 1428
285 1939
285 1664
285 1505
286 1164
286 628
286 1506
286 326
286 1174
287 989
287 715
287 237
287 1522
287 375
288 314
288 1370
288 427
288 1417
288 313
289 473
289 1182
289 120
289 427
289 1351
290 168
290 527
290 435
290 841
290 459
291 1345
291 1682
291 672
291 1423
291 761
292 1535
292 2
292 263
292 1537
292 578
293 649
293 1694
293 723
293 1217
293 53
294 1106
294 143
294 1960
294 1336
294 315
295 142
295 579
295 1681
295 1073
295 1383
296 48
296 1503
296 1363
296 1340
296 404
297 1331
297 561
297 1711
297 475
297 422
298 86
298 1725
298 711
298 1298
298 1141
299 155
299 1940
299 1441
299 1030
299 1528
300 30
300 1377
300 739
300 141
300 1056
301 599
301 1188
301 907
301 1435
301 1266
302 1707
302 461
302 1774
302 1050
302 75
303 1999
303 433
303 1246
303 201
303 728
304 95
304 1960
304 1226
304 1336
304 119
305 804
305 1317
305 1811
305 1450
305 40
306 1621
306 351
306 1504
306 588
306 528
307 1028
307 1662
307 378
307 1896
307 1040
308 763
308 1452
308 1024
308 540
308 492
309 1181
309 77
309 1369
309 1947
309 203
310 172
310 283
310 1879
310 362
310 529
311 1639
311 942
311 730
311 1726
311 106
312 947
312 670
312 1903
312 27
312 1254
313 1289
313 1417
313 1356
313 1927
313 1370
314 288
314 1370
314 427
314 1417
314 313
315 143
315 205
315 119
315 1673
315 294
316 619
316 1828
316 1053
316 571
316 1661
317 171
317 1792
317 190
317 1626
317 1209
318 234
318 170
318 1846
318 585
318 1749
319 534
319 673
319 1454
319 493
319 847
320 217
320 881
320 1715
320 784
320 1988
321 1152
321 464
321 1080
321 1094
321 872
322 1330
322 870
322 1859
322 1507
322 660
323 1220
323 687
323 773
323 1898
323 1465
324 1412
324 1052
324 1171
324 1659
324 335
325 742
325 1550
325 1834
325 849
325 1349
326 628
326 286
326 1595
326 1164
326 1865
327 1903
327 1918
327 312
327 696
327 947
328 1766
328 1242
328 421
328 1549
328 1029
329 1867
329 577
329 550
329 274
329 900
330 181
330 154
330 465
330 25
330 668
331 201
331 433
331 1871
331 1246
331 1785
332 1767
332 1334
332 199
332 1454
332 203
333 1618
333 1915
333 1752
333 1974
333 1697
334 417
334 1337
334 1172
334 789
334 703
335 1052
335 1412
335 1659
335 324
335 270
336 1857
336 988
336 1332
336 1961
336 1371
337 1104
337 615
337 501
337 990
337 8
338 1186
338 1793
338 11
338 127
338 505
339 161
339 275
339 1215
339 1566
339 174
340 1708
340 1607
340 1994
340 116
340 1262
341 1311
341 87
341 1276
341 862
341 1596
342 1057
342 1267
342 317
342 1844
342 1125
343 1566
343 1608
343 440
343 275
343 1357
344 1927
344 1929
344 252
344 1099
344 1649
345 157
345 1696
345 1078
345 657
345 848
346 277
346 702
346 1653
346 163
346 118
347 1154
347 10
347 158
347 397
347 1959
348 1197
348 410
348 1232
348 1680
348 358
349 688
349 1641
349 360
349 831
349 1277
350 924
350 852
350 215
350 1720
350 1208
351 306
351 1621
351 588
351 528
351 1504
352 504
352 1059
352 1728
352 1017
352 74
353 1041
353 51
353 1445
353 27
353 1878
354 1498
354 1612
354 1201
354 1483
354 93
355 1748
355 1914
355 706
355 1733
355 637
356 1204
356 1655
356 7
356 1562
356 1267
357 497
357 1069
357 482
357 803
357 230
358 695
358 1680
358 866
358 1006
358 1244
359 43
359 1523
359 770
359 771
359 455
360 1277
360 349
360 1641
360 878
360 1212
361 238
361 1892
361 1456
361 28
361 220
362 69
362 283
362 1880
362 469
362 1259
363 1855
363 66
363 1741
363 1065
363 681
364 1360
364 1825
364 1379
364 1445
364 1790
365 1285
365 833
365 1327
365 1909
365 1477
366 467
366 1765
366 1064
366 1862
366 1000
367 885
367 57
367 1165
367 1241
367 1189
368 1742
368 23
368 1989
368 1703
368 1996
369 584
369 602
369 1313
369 540
369 1973
370 1213
370 1552
370 1236
370 629
370 1353
371 867
371 1676
371 995
371 219
371 1665
372 238
372 28
372 220
372 478
372 1642
373 84
373 776
373 1504
373 832
373 588
374 428
374 1895
374 1176
374 1511
374 269
375 1546
375 1196
375 237
375 287
375 1051
376 1368
376 547
376 857
376 1090
376 1971
377 1346
377 145
377 59
377 1731
377 242
378 983
378 1583
378 1662
378 612
378 1145
379 210
379 1839
379 1039
379 1488
379 1020
380 281
380 1241
380 430
380 518
380 1324
381 1878
381 1222
381 698
381 1273
381 1041
382 1480
382 479
382 1061
382 101
382 903
383 176
383 968
383 1108
383 1032
383 1622
384 458
384 1902
384 1476
384 1945
384 1322
385 65
385 1957
385 1979
385 1706
385 1614
386 1304
386 799
386 1581
386 1014
386 1760
387 80
387 1980
387 106
387 762
387 403
388 955
388 1292
388 1011
388 1647
388 63
389 399
389 1328
389 1713
389 980
389 1716
390 564
390 208
390 443
390 1134
390 166
391 114
391 780
391 1628
391 1869
391 779
392 131
392 1700
392 1258
392 1259
392 1430
393 1261
393 1307
393 167
393 1293
393 1791
394 1270
394 1457
394 884
394 642
394 97
395 750
395 1630
395 630
395 236
395 1520
396 1777
396 1666
396 198
396 1479
396 838
397 1860
397 1123
397 347
397 568
397 1037
398 1314
398 1144
398 1394
398 1048
398 182
399 389
399 1328
399 1713
399 1422
399 980
400 1025
400 756
400 900
400 550
400 1275
401 483
401 685
401 1677
401 198
401 416
402 1056
402 1429
402 1730
402 953
402 606
403 1980
403 1740
403 1130
403 762
403 387
404 1503
404 48
404 719
404 1303
404 1068
405 842
405 1008
405 1306
405 1221
405 573
406 437
406 1923
406 888
406 836
406 746
407 1113
407 1886
407 1953
407 1300
407 1423
408 789
408 88
408 703
408 1391
408 417
409 1110
409 1530
409 1018
409 1850
409 837
410 1197
410 348
410 1232
410 1194
410 734
411 1645
411 1255
411 1290
411 419
411 1540
412 661
412 1078
412 1684
412 1696
412 850
413 113
413 1207
413 109
413 1127
413 1419
414 543
414 967
414 165
414 572
414 991
415 1599
415 1338
415 1570
415 82
415 189
416 1719
416 483
416 685
416 401
416 1475
417 334
417 1337
417 789
417 703
417 88
418 1085
418 768
418 246
418 978
418 1473
419 1290
419 1540
419 1710
419 1824
419 1255
420 249
420 1153
420 1732
420 797
420 1841
421 1242
421 1766
421 929
421 328
421 1622
422 1721
422 561
422 1331
422 651
422 961
423 1893
423 1042
423 70
423 981
423 1887
424 1351
424 108
424 1417
424 289
424 473
425 1580
425 1952
425 1992
425 1573
425 951
426 1679
426 919
426 1884
426 1247
426 1432
427 1182
427 120
427 289
427 314
427 288
428 446
428 1511
428 472
428 374
428 510
429 1932
429 1082
429 609
429 1769
429 90
430 560
430 9
430 281
430 380
430 1353
431 1881
431 1527
431 224
431 732
431 664
432 1453
432 1098
432 1909
432 1594
432 1095
433 201
433 331
433 303
433 1999
433 1246
434 96
434 928
434 1585
434 739
434 859
435 1689
435 1484
435 1710
435 290
435 168
436 775
436 1287
436 1519
436 873
436 1495
437 406
437 862
437 1923
437 746
437 909
438 950
438 1470
438 1096
438 565
438 1116
439 1642
439 239
439 1990
439 238
439 361
440 343
440 1566
440 1357
440 788
440 693
441 1135
441 1587
441 608
441 247
441 1430
442 1004
442 484
442 1149
442 1803
442 934
443 1843
443 390
443 957
443 1180
443 1280
444 1764
444 1818
444 1907
444 1591
444 136
445 227
445 621
445 8
445 1481
445 1240
446 428
446 1511
446 1260
446 1176
446 472
447 1109
447 1120
447 1462
447 560
447 1552
448 97
448 1636
448 1270
448 394
448 1457
449 1508
449 753
449 499
449 1010
449 674
450 107
450 1062
450 1088
450 1174
450 597
451 99
451 1366
451 1159
451 1291
451 718
452 1502
452 1343
452 1072
452 1051
452 1426
453 984
453 166
453 1720
453 1288
453 1280
454 1987
454 1994
454 1607
454 1013
454 1262
455 1329
455 793
455 359
455 1523
455 631
456 1883
456 274
456 927
456 550
456 329
457 1137
457 1060
457 903
457 192
457 676
458 384
458 1945
458 1902
458 1476
458 440
459 1578
459 1944
459 22
459 527
459 168
460 270
460 727
460 1659
460 1145
460 866
461 302
461 1707
461 266
461 52
461 1114
462 1485
462 1381
462 945
462 1124
462 1518
463 1421
463 655
463 508
463 954
463 877
464 555
464 1152
464 321
464 1080
464 1361
465 148
465 668
465 1601
465 330
465 1702
466 757
466 577
466 1867
466 1813
466 760
467 366
467 1765
467 1064
467 1000
467 1862
468 1847
468 834
468 1501
468 1775
468 822
469 1880
469 529
469 283
469 1879
469 1259
470 1685
470 1787
470 1146
470 231
470 174
471 1861
471 1582
471 1670
471 1807
471 1515
472 510
472 898
472 428
472 446
472 374
473 289
473 1182
473 120
473 427
473 1351
474 1614
474 1079
474 1380
474 880
474 1957
475 64
475 961
475 1331
475 651
475 297
476 1269
476 1604
476 1935
476 737
476 820
477 801
477 1589
477 1615
477 1617
477 532
478 220
478 28
478 1458
478 1054
478 372
479 382
479 1480
479 1061
479 101
479 864
480 268
480 870
480 660
480 1678
480 322
481 1418
481 831
481 688
481 616
481 349
482 52
482 803
482 187
482 357
482 1050
483 685
483 416
483 401
483 1719
483 198
484 1149
484 1968
484 442
484 934
484 4
485 1118
485 1928
485 1921
485 1294
485 714
486 595
486 1654
486 1604
486 777
486 1269
487 1138
487 1937
487 1718
487 1199
487 1818
488 1094
488 1215
488 1080
488 1608
488 161
489 1864
489 1409
489 1017
489 1804
489 1090
490 1402
490 132
490 1058
490 1505
490 940
491 56
491 1774
491 1707
491 994
491 1050
492 1570
492 1024
492 1338
492 1452
492 189
493 534
493 673
493 319
493 1454
493 1972
494 1737
494 130
494 551
494 683
494 804
495 1107
495 1882
495 93
495 971
495 520
496 1693
496 1092
496 1020
496 210
496 512
497 1069
497 357
497 1355
497 803
497 1106
498 1845
498 963
498 1782
498 882
498 214
499 1010
499 1508
499 449
499 960
499 674
500 1795
500 652
500 1233
500 521
500 1819
501 990
501 1019
501 1668
501 102
501 615
502 587
502 1239
502 1931
502 1224
502 887
503 1475
503 1564
503 815
503 37
503 1497
504 1059
504 1231
504 352
504 1017
504 1119
505 1406
505 1739
505 1600
505 1922
505 1121
506 204
506 1913
506 1248
506 896
506 1830
507 1724
507 276
507 869
507 1446
507 1699
508 655
508 463
508 154
508 1421
508 1967
509 751
509 552
509 1848
509 1966
509 94
510 898
510 472
510 428
510 446
510 374
511 535
511 1438
511 1558
511 697
511 1263
512 1857
512 1371
512 210
512 496
512 219
513 1043
513 593
513 130
513 683
513 551
514 1435
514 557
514 1266
514 1442
514 301
515 701
515 1001
515 1541
515 1089
515 666
516 1103
516 1981
516 193
516 218
516 554
517 1015
517 941
517 1683
517 836
517 1535
518 885
518 1241
518 1397
518 380
518 367
519 1749
519 234
519 168
519 527
519 318
520 971
520 1228
520 1755
520 1498
520 354
521 1233
521 1461
521 24
521 500
521 874
522 980
522 749
522 1167
522 1716
522 1943
523 1456
523 187
523 1102
523 230
523 1892
524 1757
524 751
524 552
524 1848
524 1282
525 1746
525 1243
525 1385
525 76
525 556
526 1602
526 175
526 790
526 1407
526 1
527 168
527 290
527 519
527 1944
527 459
528 832
528 588
528 14
528 1504
528 306
529 1879
529 469
529 283
529 1880
529 172
530 15
530 1732
530 53
530 589
530 1217
531 1353
531 54
531 9
531 1962
531 1213
532 1589
532 1961
532 1332
532 1615
532 477
533 1956
533 820
533 1451
533 1648
533 737
534 493
534 673
534 319
534 1454
534 1972
535 1240
535 511
535 227
535 445
535 1526
536 184
536 1309
536 1148
536 1751
536 1636
537 1706
537 151
537 856
537 385
537 240
538 1922
538 1739
538 890
538 1406
538 1646
539 105
539 310
539 321
539 1094
539 116
540 188
540 584
540 369
540 763
540 1313
541 186
541 127
541 11
541 177
541 1434
542 738
542 1070
542 1632
542 34
542 904
543 414
543 967
543 991
543 165
543 1970
544 119
544 1226
544 1336
544 1641
544 1277
545 969
545 1114
545 266
545 1102
545 187
546 17
546 865
546 1146
546 231
546 1386
547 1368
547 376
547 1971
547 811
547 232
548 793
548 1172
548 1337
548 562
548 334
549 1291
549 1008
549 451
549 1221
549 1773
550 274
550 927
550 329
550 456
550 1883
551 683
551 804
551 1391
551 305
551 494
552 751
552 1848
552 509
552 1966
552 524
553 895
553 659
553 1912
553 987
553 905
554 603
554 111
554 641
554 516
554 1007
555 464
555 1361
555 1080
555 1152
555 321
556 76
556 1157
556 1518
556 945
556 1243
557 514
557 1442
557 1435
557 1266
557 301
558 22
558 1035
558 150
558 752
558 1667
559 888
559 1897
559 44
559 941
559 836
560 1109
560 447
560 1462
560 1552
560 1230
561 1711
561 1721
561 422
561 297
561 1370
562 645
562 548
562 1323
562 596
562 793
563 152
563 1840
563 255
563 1175
563 1776
564 208
564 601
564 390
564 1134
564 1288
565 823
565 1127
565 814
565 1419
565 1116
566 1926
566 134
566 748
566 777
566 1654
567 1646
567 1536
567 1121
567 1198
567 743
568 1443
568 1279
568 1414
568 1860
568 1632
569 1400
569 195
569 731
569 1515
569 1688
570 732
570 1527
570 224
570 1881
570 1754
571 1828
571 1772
571 1661
571 1053
571 316
572 1087
572 1112
572 1528
572 1184
572 414
573 241
573 1150
573 1306
573 1820
573 842
574 6
574 214
574 115
574 882
574 931
575 901
575 199
575 1799
575 1440
575 1978
576 1731
576 1918
576 188
576 1346
576 377
577 1867
577 466
577 329
577 760
577 757
578 42
578 926
578 1537
578 2
578 1791
579 142
579 295
579 1383
579 1905
579 638
580 1340
580 1363
580 1829
580 840
580 213
581 1969
581 1676
581 212
581 862
581 341
582 1047
582 734
582 1194
582 586
582 1232
583 1128
583 1362
583 1101
583 648
583 85
584 369
584 540
584 602
584 1313
584 1973
585 170
585 1749
585 74
585 1846
585 318
586 1047
586 1194
586 582
586 1232
586 734
587 1239
587 502
587 1931
587 635
587 1775
588 1504
588 528
588 832
588 306
588 1621
589 1217
589 53
589 1694
589 649
589 530
590 1876
590 1067
590 644
590 259
590 795
591 1305
591 1483
591 1201
591 1910
591 859
592 1809
592 935
592 72
592 893
592 122
593 513
593 1199
593 1043
593 130
593 1516
594 1206
594 1091
594 1190
594 1026
594 1836
595 486
595 1654
595 777
595 1269
595 1604
596 1427
596 1810
596 645
596 38
596 226
597 1088
597 605
597 169
597 1062
597 1032
598 964
598 185
598 1958
598 648
598 1359
599 301
599 1188
599 907
599 1435
599 1950
600 933
600 662
600 1788
600 1584
600 951
601 208
601 564
601 1288
601 1134
601 166
602 1973
602 1313
602 369
602 61
602 1509
603 111
603 554
603 641
603 1981
603 1007
604 772
604 202
604 1826
604 715
604 1497
605 597
605 968
605 1088
605 1108
605 383
606 1065
606 1429
606 1730
606 953
606 402
607 1016
607 1567
607 700
607 965
607 1142
608 1587
608 610
608 441
608 247
608 1490
609 90
609 631
609 1448
609 429
609 1998
610 608
610 1587
610 247
610 1490
610 441
611 1168
611 1352
611 1638
611 725
611 1851
612 1658
612 1687
612 983
612 1583
612 727
613 1930
613 1796
613 1721
613 422
613 914
614 664
614 1781
614 1856
614 431
614 1367
615 1019
615 976
615 337
615 136
615 501
616 1136
616 481
616 1418
616 1738
616 831
617 1577
617 1690
617 760
617 211
617 1593
618 1034
618 1903
618 312
618 27
618 327
619 316
619 1828
619 893
619 571
619 1053
620 1936
620 1561
620 777
620 5
620 55
621 8
621 1556
621 445
621 1481
621 227
622 158
622 843
622 912
622 1866
622 10
623 764
623 1487
623 1238
623 1187
623 1214
624 1224
624 1954
624 1033
624 719
624 1191
625 1054
625 1458
625 230
625 1669
625 478
626 228
626 943
626 1347
626 991
626 1021
627 1253
627 932
627 200
627 1312
627 1823
628 326
628 286
628 1164
628 1506
628 1858
629 1236
629 214
629 370
629 882
629 1213
630 750
630 1933
630 236
630 821
630 192
631 90
631 1448
631 609
631 1998
631 429
632 801
632 1617
632 477
632 1615
632 1589
633 277
633 1673
633 1212
633 702
633 1603
634 1606
634 1948
634 1870
634 1904
634 1468
635 1068
635 587
635 1239
635 1931
635 502
636 726
636 1557
636 723
636 1542
636 1688
637 878
637 706
637 769
637 1748
637 355
638 1678
638 1905
638 781
638 1946
638 579
639 1975
639 209
639 765
639 766
639 1800
640 102
640 1384
640 1117
640 1668
640 1611
641 111
641 1981
641 603
641 1675
641 1437
642 838
642 1270
642 394
642 1677
642 686
643 1322
643 1055
643 985
643 798
643 179
644 795
644 1876
644 259
644 1268
644 590
645 562
645 596
645 1810
645 1427
645 38
646 681
646 1234
646 1855
646 1770
646 363
647 0
647 250
647 1513
647 679
647 729
648 1101
648 1362
648 1128
648 704
648 598
649 1694
649 293
649 1217
649 53
649 723
650 949
650 233
650 84
650 810
650 373
651 961
651 475
651 64
651 1331
651 422
652 1795
652 500
652 1819
652 1924
652 699
653 1551
653 1210
653 1002
653 1416
653 1442
654 179
654 1045
654 1389
654 985
654 798
655 508
655 154
655 463
655 1421
655 330
656 822
656 1501
656 1847
656 747
656 1554
657 7
657 1655
657 157
657 848
657 345
658 978
658 1473
658 45
658 1597
658 1219
659 987
659 553
659 962
659 1620
659 895
660 1399
660 870
660 1977
660 322
660 480
661 412
661 1078
661 1696
661 1252
661 1993
662 600
662 933
662 1584
662 951
662 1788
663 1465
663 244
663 1325
663 1075
663 1079
664 614
664 1367
664 1781
664 917
664 431
665 1628
665 1869
665 114
665 1408
665 1620
666 778
666 138
666 279
666 936
666 409
667 837
667 471
667 1515
667 1861
667 1806
668 1601
668 1702
668 465
668 25
668 148
669 1726
669 873
669 730
669 311
669 1287
670 947
670 1254
670 1686
670 27
670 312
671 1155
671 1093
671 135
671 254
671 886
672 1962
672 761
672 1345
672 1423
672 1682
673 534
673 493
673 319
673 1454
673 1972
674 1508
674 1071
674 1459
674 449
674 499
675 1982
675 813
675 46
675 221
675 1571
676 1933
676 1568
676 1295
676 192
676 1137
677 1173
677 1579
677 213
677 1027
677 1004
678 1837
678 1356
678 1202
678 1289
678 1358
679 1513
679 647
679 0
679 250
679 1916
680 71
680 1691
680 1648
680 1917
680 1915
681 646
681 1234
681 1855
681 363
681 1770
682 697
682 1714
682 1365
682 1872
682 1531
683 551
683 1391
683 804
683 1043
683 494
684 1427
684 226
684 944
684 1523
684 1539
685 483
685 416
685 401
685 1719
685 198
686 884
686 222
686 818
686 838
686 1877
687 1957
687 1979
687 323
687 1898
687 1220
688 831
688 1418
688 349
688 481
688 1641
689 1533
689 835
689 1424
689 716
689 853
690 1875
690 1571
690 221
690 1982
690 675
691 1623
691 273
691 1371
691 988
691 1496
692 1315
692 915
692 206
692 92
692 1983
693 191
693 174
693 275
693 440
693 1685
694 1821
694 1378
694 1156
694 1333
694 1853
695 358
695 1680
695 866
695 1006
695 1244
696 1771
696 1991
696 139
696 1472
696 743
697 682
697 1365
697 1714
697 1531
697 1872
698 282
698 381
698 1555
698 1790
698 1878
699 1819
699 1924
699 937
699 652
699 1218
700 965
700 1567
700 607
700 1016
700 32
701 1805
701 515
701 1122
701 279
701 829
702 277
702 1603
702 346
702 1673
702 163
703 88
703 789
703 1354
703 408
703 1323
704 85
704 1128
704 648
704 1101
704 1362
705 925
705 1049
705 1223
705 920
705 1841
706 637
706 769
706 878
706 1748
706 355
707 1272
707 1117
707 1491
707 1611
707 1489
708 940
708 754
708 1396
708 791
708 490
709 916
709 195
709 731
709 1400
709 1797
710 923
710 89
710 197
710 774
710 1717
711 1725
711 1084
711 1985
711 868
711 298
712 1308
712 284
712 1263
712 257
712 1729
713 1433
713 194
713 1796
713 1930
713 120
714 1928
714 485
714 1211
714 1118
714 1219
715 1522
715 1230
715 287
715 1462
715 772
716 34
716 1070
716 689
716 1533
716 835
717 1012
717 1078
717 126
717 848
717 661
718 1366
718 1773
718 1159
718 1942
718 1291
719 1954
719 1033
719 48
719 1218
719 404
720 1005
720 32
720 965
720 700
720 1567
721 918
721 931
721 110
721 574
721 1236
722 1541
722 1547
722 1455
722 515
722 14
723 1557
723 293
723 649
723 1694
723 726
724 1624
724 21
724 1459
724 959
724 1789
725 1638
725 1178
725 1469
725 1168
725 1644
726 636
726 1557
726 723
726 1542
726 1565
727 612
727 1145
727 1658
727 1687
727 1514
728 930
728 1800
728 303
728 1999
728 996
729 958
729 13
729 1513
729 1296
729 250
730 942
730 311
730 868
730 1639
730 669
731 1582
731 1515
731 709
731 1861
731 1807
732 1527
732 570
732 431
732 1881
732 224
733 156
733 1076
733 904
733 1132
733 1143
734 1194
734 582
734 1232
734 586
734 1047
735 1563
735 1299
735 780
735 391
735 779
736 1387
736 1593
736 1577
736 1690
736 617
737 820
737 1604
737 1956
737 1935
737 476
738 1132
738 542
738 904
738 1143
738 733
739 30
739 300
739 434
739 1321
739 96
740 79
740 146
740 1494
740 72
740 1895
741 1251
741 1964
741 1086
741 827
741 1934
742 849
742 325
742 1779
742 1834
742 1550
743 1472
743 1616
743 139
743 1536
743 1793
744 872
744 1262
744 1607
744 1013
744 116
745 1590
745 100
745 125
745 267
745 1512
746 1759
746 1923
746 755
746 836
746 1683
747 1554
747 822
747 1847
747 656
747 1501
748 1926
748 566
748 777
748 134
748 620
749 522
749 1083
749 980
749 1167
749 1716
750 630
750 236
750 821
750 395
750 1933
751 552
751 1848
751 509
751 1966
751 524
752 558
752 22
752 791
752 806
752 1939
753 449
753 1508
753 1010
753 499
753 674
754 1396
754 708
754 1921
754 1578
754 841
755 262
755 1785
755 1871
755 1246
755 746
756 900
756 400
756 1690
756 1025
756 1577
757 466
757 1813
757 577
757 1271
757 886
758 1911
758 1897
758 559
758 888
758 263
759 402
759 1056
759 847
759 1990
759 673
760 211
760 617
760 1867
760 886
760 1577
761 1423
761 1962
761 672
761 1113
761 54
762 1726
762 106
762 1639
762 1980
762 1287
763 308
763 1024
763 1452
763 540
763 584
764 623
764 1487
764 1238
764 1709
764 1283
765 639
765 1535
765 209
765 1975
765 517
766 209
766 1975
766 262
766 639
766 1683
767 1906
767 242
767 1346
767 377
767 11
768 1085
768 246
768 418
768 978
768 1473
769 637
769 878
769 706
769 1748
769 355
770 771
770 1779
770 43
770 359
770 1574
771 770
771 1779
771 43
771 359
771 1574
772 604
772 202
772 1826
772 715
772 989
773 1220
773 1770
773 323
773 244
773 646
774 197
774 1275
774 1717
774 829
774 1478
775 436
775 1287
775 1495
775 1740
775 280
776 832
776 373
776 84
776 1089
776 588
777 620
777 748
777 1936
777 1926
777 566
778 666
778 409
778 160
778 138
778 1162
779 992
779 1185
779 780
779 391
779 1414
780 779
780 391
780 992
780 1185
780 114
781 1905
781 1576
781 1946
781 1124
781 638
782 926
782 42
782 1027
782 840
782 578
783 1562
783 1830
783 1913
783 1204
783 1494
784 147
784 881
784 1701
784 1712
784 320
785 3
785 164
785 1072
785 826
785 1036
786 537
786 1706
786 1649
786 880
786 1099
787 1413
787 1900
787 1486
787 1862
787 366
788 1131
788 798
788 1357
788 1389
788 440
789 88
789 408
789 703
789 417
789 334
790 1602
790 526
790 175
790 1
790 103
791 1939
791 1505
791 806
791 752
791 285
792 1341
792 49
792 1231
792 1083
792 1943
793 1329
793 1172
793 548
793 455
793 1998
794 1451
794 1917
794 1691
794 845
794 1656
795 644
795 1268
795 259
795 1876
795 1610
796 1077
796 261
796 278
796 1890
796 1245
797 1153
797 249
797 420
797 1963
797 1512
798 1389
798 1131
798 788
798 1045
798 179
799 1650
799 386
799 1304
799 1581
799 83
800 1968
800 484
800 1027
800 167
800 393
801 477
801 1617
801 1615
801 1589
801 1703
802 1428
802 1664
802 67
802 232
802 811
803 1355
803 1069
803 497
803 52
803 1106
804 551
804 305
804 683
804 1391
804 1317
805 1631
805 1605
805 997
805 846
805 1195
806 285
806 1939
806 791
806 752
806 1664
807 1708
807 1736
807 1464
807 1142
807 1403
808 29
808 982
808 1560
808 83
808 1129
809 1613
809 1873
809 222
809 884
809 1955
810 1822
810 1471
810 1229
810 1870
810 949
811 1971
811 232
811 1804
811 67
811 802
812 1106
812 863
812 294
812 1355
812 803
813 675
813 1982
813 221
813 46
813 1571
814 1203
814 1816
814 910
814 823
814 565
815 1475
815 1564
815 503
815 1493
815 1719
816 1425
816 1619
816 1938
816 253
816 1833
817 1826
817 604
817 1522
817 772
817 715
818 1877
818 686
818 222
818 884
818 1572
819 1073
819 1681
819 1684
819 295
819 850
820 737
820 1956
820 1604
820 1935
820 533
821 236
821 192
821 630
821 750
821 1933
822 656
822 1847
822 1501
822 747
822 1554
823 565
823 814
823 1116
823 1816
823 1203
824 1894
824 103
824 1171
824 91
824 1
825 1874
825 948
825 970
825 165
825 734
826 1572
826 894
826 3
826 1877
826 1036
827 178
827 741
827 1827
827 58
827 1086
828 1097
828 128
828 26
828 1698
828 1373
829 1478
829 1805
829 774
829 68
829 197
830 891
830 1789
830 1854
830 1500
830 1459
831 688
831 1418
831 481
831 349
831 1641
832 528
832 588
832 776
832 1504
832 14
833 365
833 1285
833 1327
833 1909
833 1477
834 46
834 468
834 1847
834 18
834 1501
835 689
835 1533
835 1195
835 1631
835 1424
836 1923
836 941
836 1015
836 1683
836 888
837 1530
837 1018
837 1110
837 409
837 1850
838 642
838 1270
838 686
838 394
838 1677
839 159
839 876
839 41
839 1046
839 1375
840 129
840 1833
840 580
840 253
840 1340
841 290
841 1255
841 1578
841 459
841 527
842 405
842 573
842 1306
842 1008
842 241
843 912
843 158
843 1450
843 622
843 1811
844 183
844 1652
844 1788
844 933
844 600
845 1656
845 1007
845 794
845 1451
845 972
846 853
846 1605
846 997
846 1250
846 1631
847 1978
847 319
847 141
847 673
847 534
848 1012
848 717
848 657
848 1078
848 525
849 742
849 1952
849 325
849 1779
849 771
850 1482
850 1681
850 1073
850 1684
850 819
851 146
851 72
851 269
851 1895
851 893
852 350
852 987
852 924
852 905
852 215
853 846
853 1605
853 1250
853 997
853 1424
854 91
854 1
854 1713
854 1328
854 1422
855 1449
855 1660
855 1561
855 55
855 1936
856 151
856 240
856 385
856 65
856 1706
857 1090
857 376
857 389
857 1368
857 1716
858 1965
858 1891
858 1548
858 149
858 1171
859 1910
859 96
859 591
859 434
859 1305
860 1524
860 1924
860 104
860 1797
860 699
861 1160
861 1227
861 972
861 17
861 1814
862 87
862 437
862 341
862 1311
862 406
863 812
863 56
863 994
863 1888
863 1837
864 1644
864 1469
864 1178
864 479
864 1023
865 17
865 546
865 1146
865 231
865 1160
866 695
866 358
866 1680
866 1659
866 1244
867 371
867 1676
867 1665
867 1531
867 219
868 942
868 730
868 1141
868 311
868 1725
869 1446
869 1699
869 1724
869 507
869 276
870 322
870 660
870 480
870 1330
870 1678
871 1286
871 1784
871 1225
871 180
871 889
872 744
872 116
872 1262
872 1152
872 321
873 436
873 1287
873 669
873 775
873 1519
874 1461
874 1086
874 1924
874 521
874 24
875 1722
875 998
875 1271
875 254
875 1813
876 159
876 839
876 41
876 1375
876 271
877 954
877 1919
877 1421
877 463
877 271
878 637
878 769
878 706
878 360
878 1277
879 1048
879 1394
879 1909
879 365
879 1285
880 474
880 1380
880 1614
880 1079
880 385
881 1701
881 1988
881 784
881 1709
881 320
882 214
882 498
882 629
882 1845
882 6
883 205
883 315
883 143
883 1762
883 1673
884 222
884 686
884 394
884 1457
884 1270
885 367
885 518
885 1241
885 57
885 1165
886 254
886 1093
886 211
886 671
886 1155
887 1224
887 502
887 1931
887 18
887 587
888 559
888 44
888 1923
888 836
888 1897
889 1852
889 243
889 1801
889 264
889 1225
890 538
890 1922
890 1739
890 1646
890 567
891 1854
891 830
891 1789
891 21
891 1500
892 13
892 1193
892 952
892 1466
892 1320
893 1828
893 571
893 619
893 592
893 1772
894 1572
894 1036
894 225
894 826
894 3
895 1408
895 1082
895 553
895 429
895 1620
896 1248
896 204
896 1913
896 1209
896 1830
897 1812
897 1162
897 936
897 138
897 1140
898 510
898 472
898 428
898 446
898 374
899 1316
899 196
899 235
899 1410
899 1411
900 756
900 1690
900 617
900 1577
900 329
901 199
901 575
901 1799
901 1767
901 1978
902 902
902 1626
902 1966
902 509
902 1266
903 101
903 1060
903 192
903 457
903 821
904 733
904 1132
904 738
904 156
904 1076
905 1912
905 1235
905 987
905 553
905 659
906 1521
906 36
906 730
906 942
906 868
907 301
907 1188
907 1266
907 1435
907 599
908 1169
908 1583
908 1662
908 983
908 378
909 1872
909 1714
909 862
909 140
909 437
910 1203
910 1816
910 1625
910 814
910 1794
911 1283
911 1543
911 1238
911 1009
911 121
912 843
912 1450
912 1811
912 158
912 622
913 1030
913 1119
913 1674
913 1728
913 1441
914 613
914 1930
914 1796
914 616
914 1136
915 1315
915 692
915 92
915 1983
915 1294
916 709
916 934
916 1797
916 1807
916 4
917 1177
917 1367
917 1808
917 664
917 1410
918 110
918 721
918 1236
918 931
918 1120
919 1158
919 1657
919 1752
919 1247
919 1974
920 1841
920 705
920 925
920 1049
920 1223
921 1260
921 1511
921 1176
921 1772
921 1661
922 966
922 939
922 251
922 62
922 1729
923 710
923 1806
923 89
923 837
923 1850
924 215
924 350
924 1208
924 1720
924 852
925 1049
925 705
925 1223
925 920
925 1841
926 42
926 578
926 1537
926 1791
926 2
927 274
927 550
927 1135
927 456
927 441
928 1585
928 96
928 434
928 30
928 739
929 421
929 1242
929 1622
929 1766
929 328
930 728
930 1800
930 996
930 216
930 303
931 721
931 574
931 115
931 918
931 110
932 1610
932 1253
932 627
932 644
932 795
933 600
933 1788
933 662
933 1652
933 844
934 1149
934 4
934 916
934 484
934 1807
935 592
935 1809
935 893
935 619
935 1653
936 138
936 1162
936 1812
936 897
936 778
937 699
937 1803
937 104
937 1218
937 1819
938 1984
938 1514
938 270
938 727
938 1658
939 1318
939 1729
939 251
939 922
939 62
940 708
940 1921
940 490
940 1294
940 1983
941 1015
941 836
941 1683
941 517
941 1923
942 730
942 311
942 868
942 1639
942 906
943 228
943 1347
943 626
943 1660
943 1021
944 1539
944 81
944 1884
944 684
944 1523
945 1518
945 556
945 1157
945 76
945 1485
946 1398
946 1031
946 1126
946 582
946 1047
947 670
947 312
947 1254
947 1686
947 27
948 1874
948 825
948 734
948 1194
948 1232
949 650
949 810
949 233
949 1471
949 1229
950 438
950 1470
950 1096
950 565
950 1127
951 1584
951 1580
951 662
951 1634
951 1992
952 1193
952 1474
952 892
952 13
952 1374
953 1429
953 1990
953 606
953 402
953 1730
954 877
954 1421
954 1919
954 463
954 1995
955 1011
955 388
955 63
955 1292
955 1647
956 1446
956 1724
956 1699
956 869
956 228
957 1280
957 1180
957 1751
957 1148
957 443
958 729
958 13
958 250
958 1513
958 892
959 960
959 1624
959 724
959 499
959 21
960 959
960 499
960 1010
960 1624
960 724
961 651
961 475
961 64
961 1331
961 422
962 1620
962 659
962 665
962 1628
962 114
963 498
963 6
963 882
963 214
963 1845
964 598
964 1499
964 648
964 1958
964 185
965 700
965 1567
965 607
965 32
965 1016
966 993
966 922
966 1866
966 1317
966 1811
967 165
967 543
967 991
967 1970
967 193
968 1108
968 176
968 383
968 605
968 1622
969 545
969 1114
969 266
969 1102
969 187
970 825
970 218
970 1874
970 1863
970 1398
971 520
971 1228
971 1498
971 354
971 93
972 1814
972 1227
972 1656
972 861
972 845
973 1298
973 86
973 1320
973 977
973 1925
974 1947
974 239
974 1842
974 1972
974 77
975 1951
975 1899
975 278
975 1544
975 1555
976 615
976 1019
976 1105
976 136
976 1668
977 1925
977 1466
977 1320
977 1298
977 973
978 658
978 1473
978 768
978 45
978 1085
979 1704
979 1297
979 162
979 1388
979 1997
980 1716
980 522
980 1167
980 389
980 1943
981 1481
981 50
981 223
981 70
981 423
982 83
982 808
982 1592
982 29
982 1650
983 1583
983 612
983 378
983 1687
983 1658
984 453
984 1280
984 1751
984 1309
984 166
985 179
985 654
985 1055
985 1692
985 1045
986 1600
986 229
986 1786
986 127
986 1406
987 659
987 905
987 1912
987 553
987 852
988 1623
988 1832
988 691
988 1371
988 1996
989 287
989 772
989 1564
989 604
989 715
990 501
990 102
990 1668
990 1019
990 640
991 967
991 1970
991 543
991 165
991 414
992 1185
992 779
992 1414
992 780
992 391
993 1866
993 966
993 622
993 1003
993 1096
994 1050
994 52
994 803
994 812
994 1707
995 219
995 371
995 867
995 1559
995 1039
996 1633
996 264
996 1800
996 216
996 930
997 1605
997 846
997 853
997 805
997 1250
998 1722
998 875
998 1271
998 1813
998 757
999 1350
999 1310
999 1889
999 1705
999 1436
1000 1074
1000 467
1000 1862
1000 1868
1000 1192
1001 1089
1001 1348
1001 1122
1001 515
1001 1468
1002 1416
1002 1551
1002 653
1002 1442
1002 557
1003 144
1003 1096
1003 1470
1003 1116
1003 1143
1004 442
1004 1803
1004 677
1004 1173
1004 1579
1005 720
1005 32
1005 965
1005 700
1005 1567
1006 149
1006 1548
1006 695
1006 358
1006 1965
1007 845
1007 1656
1007 1935
1007 476
1007 1956
1008 1221
1008 549
1008 1291
1008 405
1008 451
1009 1187
1009 910
1009 911
1009 1203
1009 1794
1010 499
1010 449
1010 1420
1010 753
1010 1508
1011 955
1011 1647
1011 388
1011 63
1011 1292
1012 717
1012 848
1012 1078
1012 661
1012 525
1013 1987
1013 1066
1013 454
1013 1262
1013 1994
1014 1304
1014 1137
1014 386
1014 1581
1014 1760
1015 941
1015 1683
1015 836
1015 517
1015 1923
1016 607
1016 1567
1016 700
1016 1142
1016 965
1017 1409
1017 1864
1017 1059
1017 504
1017 489
1018 1530
1018 1110
1018 409
1018 837
1018 1850
1019 615
1019 1668
1019 501
1019 976
1019 990
1020 1693
1020 496
1020 1488
1020 1538
1020 210
1021 1437
1021 1347
1021 1660
1021 248
1021 641
1022 1166
1022 1817
1022 248
1022 55
1022 1269
1023 123
1023 1061
1023 864
1023 382
1023 1480
1024 492
1024 1452
1024 1570
1024 189
1024 1338
1025 400
1025 756
1025 1115
1025 1275
1025 1717
1026 1836
1026 594
1026 1206
1026 1190
1026 1091
1027 1173
1027 677
1027 1579
1027 213
1027 1004
1028 1040
1028 1896
1028 307
1028 1431
1028 1662
1029 1549
1029 328
1029 73
1029 229
1029 186
1030 913
1030 299
1030 1119
1030 1441
1030 1674
1031 1398
1031 946
1031 1126
1031 970
1031 1278
1032 169
1032 1301
1032 383
1032 1062
1032 597
1033 1954
1033 719
1033 1218
1033 624
1033 48
1034 618
1034 1903
1034 312
1034 27
1034 51
1035 150
1035 1216
1035 558
1035 1667
1035 22
1036 894
1036 225
1036 1572
1036 3
1036 1175
1037 1727
1037 1123
1037 1154
1037 1264
1037 397
1038 1081
1038 1395
1038 1802
1038 1757
1038 1282
1039 1839
1039 1665
1039 379
1039 1365
1039 210
1040 1028
1040 1405
1040 1896
1040 1662
1040 307
1041 51
1041 353
1041 1273
1041 1878
1041 1222
1042 1893
1042 423
1042 263
1042 1887
1042 1911
1043 513
1043 683
1043 551
1043 593
1043 1391
1044 1652
1044 1134
1044 183
1044 390
1044 844
1045 654
1045 1389
1045 179
1045 798
1045 985
1046 1375
1046 41
1046 876
1046 271
1046 159
1047 582
1047 586
1047 1194
1047 734
1047 946
1048 879
1048 1394
1048 1314
1048 1144
1048 398
1049 925
1049 705
1049 1223
1049 920
1049 1841
1050 994
1050 52
1050 1707
1050 302
1050 482
1051 1426
1051 1343
1051 1196
1051 1546
1051 1072
1052 1659
1052 335
1052 324
1052 270
1052 1412
1053 316
1053 1661
1053 1828
1053 571
1053 619
1054 625
1054 1458
1054 230
1054 478
1054 220
1055 643
1055 1322
1055 985
1055 1692
1055 1063
1056 402
1056 1730
1056 1377
1056 759
1056 1429
1057 1125
1057 1844
1057 342
1057 1385
1057 1267
1058 1402
1058 132
1058 1268
1058 1046
1058 490
1059 504
1059 1231
1059 1017
1059 352
1059 792
1060 457
1060 101
1060 903
1060 1137
1060 1411
1061 382
1061 1480
1061 479
1061 101
1061 1023
1062 169
1062 107
1062 450
1062 597
1062 1032
1063 1322
1063 1055
1063 1902
1063 643
1063 35
1064 1765
1064 1192
1064 467
1064 366
1064 1000
1065 606
1065 1730
1065 1429
1065 953
1065 402
1066 1013
1066 1987
1066 454
1066 908
1066 1994
1067 181
1067 590
1067 1876
1067 330
1067 154
1068 635
1068 1303
1068 587
1068 404
1068 1239
1069 1355
1069 497
1069 1106
1069 357
1069 803
1070 34
1070 716
1070 542
1070 904
1070 1632
1071 674
1071 112
1071 1459
1071 1508
1071 449
1072 1343
1072 452
1072 1426
1072 1051
1072 785
1073 819
1073 1681
1073 1684
1073 850
1073 1482
1074 1862
1074 1000
1074 1868
1074 58
1074 467
1075 1325
1075 663
1075 1465
1075 1882
1075 1380
1076 156
1076 733
1076 1625
1076 1794
1076 1816
1077 261
1077 796
1077 1629
1077 1245
1077 278
1078 661
1078 1696
1078 1012
1078 717
1078 412
1079 1614
1079 474
1079 1957
1079 1979
1079 1380
1080 555
1080 1094
1080 1361
1080 488
1080 464
1081 1038
1081 1395
1081 1802
1081 256
1081 73
1082 429
1082 1932
1082 895
1082 1769
1082 1408
1083 1167
1083 1943
1083 49
1083 522
1083 749
1084 711
1084 1725
1084 1985
1084 1388
1084 162
1085 418
1085 768
1085 246
1085 978
1085 1473
1086 741
1086 1964
1086 874
1086 1524
1086 1251
1087 572
1087 1112
1087 1528
1087 1184
1087 414
1088 597
1088 605
1088 1062
1088 450
1088 1237
1089 1001
1089 776
1089 515
1089 1348
1089 832
1090 857
1090 1368
1090 376
1090 547
1090 1971
1091 1206
1091 594
1091 1190
1091 1836
1091 1026
1092 1693
1092 496
1092 16
1092 1020
1092 1492
1093 1155
1093 671
1093 135
1093 254
1093 886
1094 488
1094 1080
1094 321
1094 1608
1094 1215
1095 1477
1095 1909
1095 1327
1095 1285
1095 365
1096 1470
1096 1003
1096 1116
1096 144
1096 438
1097 1373
1097 128
1097 828
1097 1986
1097 0
1098 1453
1098 1594
1098 432
1098 175
1098 1407
1099 1649
1099 344
1099 1927
1099 1929
1099 252
1100 1385
1100 1746
1100 1267
1100 525
1100 1243
1101 1362
1101 648
1101 1128
1101 583
1101 704
1102 187
1102 1114
1102 545
1102 969
1102 523
1103 1386
1103 1863
1103 1278
1103 516
1103 546
1104 337
1104 615
1104 8
1104 1556
1104 621
1105 1815
1105 1718
1105 976
1105 1609
1105 1818
1106 1355
1106 294
1106 812
1106 1069
1106 803
1107 1882
1107 495
1107 93
1107 1075
1107 971
1108 968
1108 176
1108 1622
1108 383
1108 929
1109 447
1109 560
1109 1462
1109 1120
1109 1230
1110 1530
1110 1018
1110 409
1110 837
1110 1850
1111 112
1111 1500
1111 1071
1111 808
1111 844
1112 1087
1112 572
1112 1184
1112 1528
1112 47
1113 1300
1113 1423
1113 1886
1113 1953
1113 407
1114 545
1114 969
1114 266
1114 1102
1114 187
1115 1717
1115 1275
1115 1025
1115 1376
1115 247
1116 1470
1116 1096
1116 823
1116 565
1116 1003
1117 707
1117 1272
1117 1611
1117 640
1117 102
1118 485
1118 92
1118 1928
1118 1597
1118 1294
1119 1728
1119 913
1119 1674
1119 1030
1119 133
1120 447
1120 1109
1120 1552
1120 1236
1120 560
1121 1198
1121 1646
1121 567
1121 1536
1121 1472
1122 68
1122 1468
1122 1348
1122 1001
1122 1805
1123 1264
1123 1727
1123 1769
1123 1037
1123 397
1124 1576
1124 1946
1124 781
1124 1905
1124 1381
1125 1844
1125 148
1125 1057
1125 465
1125 668
1126 1031
1126 1398
1126 1156
1126 946
1126 1853
1127 1419
1127 565
1127 413
1127 950
1127 823
1128 1362
1128 583
1128 1101
1128 648
1128 704
1129 1560
1129 29
1129 808
1129 1634
1129 1573
1130 1740
1130 1629
1130 1245
1130 403
1130 261
1131 788
1131 798
1131 1357
1131 1389
1131 1045
1132 1143
1132 738
1132 733
1132 904
1132 144
1133 1439
1133 1455
1133 1744
1133 1532
1133 1547
1134 208
1134 564
1134 1652
1134 601
1134 1044
1135 1430
1135 441
1135 927
1135 1587
1135 608
1136 1738
1136 616
1136 1733
1136 1401
1136 481
1137 457
1137 1014
1137 676
1137 1060
1137 1760
1138 487
1138 1937
1138 1718
1138 1818
1138 1591
1139 1319
1139 1244
1139 1145
1139 307
1139 1680
1140 1170
1140 160
1140 1162
1140 1734
1140 138
1141 36
1141 868
1141 86
1141 973
1141 1298
1142 1736
1142 1403
1142 1464
1142 1016
1142 1529
1143 1132
1143 144
1143 738
1143 1003
1143 733
1144 1314
1144 398
1144 182
1144 1048
1144 1394
1145 727
1145 612
1145 378
1145 983
1145 1583
1146 231
1146 865
1146 17
1146 470
1146 546
1147 1763
1147 1302
1147 1835
1147 45
1147 1637
1148 1751
1148 1309
1148 184
1148 957
1148 536
1149 484
1149 934
1149 4
1149 442
1149 1968
1150 241
1150 573
1150 1306
1150 1820
1150 842
1151 1447
1151 1526
1151 258
1151 1558
1151 1240
1152 321
1152 464
1152 1080
1152 872
1152 555
1153 249
1153 420
1153 797
1153 1732
1153 1723
1154 40
1154 347
1154 1037
1154 1450
1154 158
1155 671
1155 1093
1155 135
1155 254
1155 886
1156 1126
1156 1853
1156 694
1156 1745
1156 1031
1157 76
1157 556
1157 945
1157 1518
1157 1243
1158 1657
1158 919
1158 1974
1158 1752
1158 1247
1159 1942
1159 1366
1159 718
1159 200
1159 99
1160 861
1160 1161
1160 17
1160 1227
1160 1359
1161 1359
1161 1787
1161 1958
1161 1160
1161 185
1162 138
1162 936
1162 1812
1162 897
1162 1140
1163 1761
1163 5
1163 1851
1163 1352
1163 1449
1164 286
1164 1506
1164 628
1164 326
1164 1174
1165 367
1165 1709
1165 57
1165 1988
1165 1214
1166 1022
1166 1817
1166 248
1166 55
1166 1269
1167 1943
1167 522
1167 1716
1167 1083
1167 980
1168 1638
1168 1352
1168 611
1168 1851
1168 725
1169 1687
1169 1583
1169 1658
1169 983
1169 612
1170 1140
1170 160
1170 1734
1170 1162
1170 1018
1171 1894
1171 1548
1171 824
1171 324
1171 858
1172 1337
1172 1998
1172 793
1172 548
1172 1448
1173 1027
1173 677
1173 1579
1173 213
1173 1004
1174 1506
1174 107
1174 1858
1174 286
1174 1164
1175 152
1175 563
1175 225
1175 1036
1175 1840
1176 1511
1176 269
1176 1260
1176 428
1176 921
1177 1367
1177 917
1177 1808
1177 1410
1177 235
1178 1469
1178 1644
1178 725
1178 864
1178 1638
1179 1189
1179 57
1179 1324
1179 1214
1179 1241
1180 957
1180 1148
1180 443
1180 1751
1180 1843
1181 309
1181 1369
1181 203
1181 77
1181 1972
1182 120
1182 427
1182 289
1182 473
1182 314
1183 1200
1183 1768
1183 1415
1183 35
1183 1901
1184 47
1184 1112
1184 1087
1184 1256
1184 1528
1185 1185
1185 779
1185 1414
1185 780
1185 391
1186 338
1186 1793
1186 1771
1186 1906
1186 11
1187 1009
1187 623
1187 764
1187 1238
1187 1794
1188 301
1188 599
1188 907
1188 1435
1188 1266
1189 1214
1189 1179
1189 57
1189 1165
1189 367
1190 1206
1190 1836
1190 594
1190 1091
1190 1026
1191 1885
1191 887
1191 624
1191 18
1191 1224
1192 1064
1192 1765
1192 467
1192 1000
1192 366
1193 952
1193 892
1193 1474
1193 13
1193 1296
1194 734
1194 1232
1194 582
1194 586
1194 1047
1195 1631
1195 835
1195 1776
1195 805
1195 689
1196 1546
1196 1051
1196 1426
1196 1343
1196 375
1197 348
1197 410
1197 1232
1197 1680
1197 358
1198 1198
1198 1646
1198 567
1198 1536
1198 1472
1199 593
1199 1532
1199 487
1199 1516
1199 1138
1200 1183
1200 1768
1200 1415
1200 1901
1200 1743
1201 1483
1201 354
1201 1498
1201 1612
1201 1305
1202 1356
1202 1711
1202 678
1202 1289
1202 1837
1203 910
1203 814
1203 1816
1203 1625
1203 823
1204 356
1204 1562
1204 783
1204 1655
1204 1494
1205 1364
1205 1671
1205 1640
1205 1838
1205 1698
1206 1190
1206 594
1206 1091
1206 1836
1206 1026
1207 1207
1207 109
1207 413
1207 16
1207 1460
1208 215
1208 1720
1208 1955
1208 924
1208 350
1209 896
1209 1792
1209 204
1209 1595
1209 1248
1210 653
1210 1551
1210 256
1210 1002
1210 1416
1211 1219
1211 1643
1211 714
1211 1928
1211 1645
1212 98
1212 633
1212 1277
1212 1653
1212 360
1213 370
1213 1552
1213 1353
1213 9
1213 1236
1214 1189
1214 57
1214 1179
1214 623
1214 1165
1215 161
1215 275
1215 339
1215 488
1215 1566
1216 150
1216 1035
1216 1944
1216 558
1216 1667
1217 53
1217 589
1217 1694
1217 649
1217 293
1218 1033
1218 1954
1218 719
1218 1819
1218 699
1219 1211
1219 1643
1219 1928
1219 714
1219 1645
1220 323
1220 773
1220 687
1220 1898
1220 1465
1221 1008
1221 451
1221 549
1221 1291
1221 99
1222 1273
1222 1878
1222 381
1222 1041
1222 51
1223 705
1223 1049
1223 925
1223 920
1223 1841
1224 502
1224 887
1224 624
1224 587
1224 1931
1225 871
1225 1801
1225 243
1225 1286
1225 1784
1226 1641
1226 304
1226 544
1226 349
1226 95
1227 861
1227 972
1227 1814
1227 1160
1227 1656
1228 520
1228 971
1228 1755
1228 1344
1228 1498
1229 1471
1229 810
1229 949
1229 1692
1229 650
1230 1462
1230 1522
1230 1109
1230 715
1230 447
1231 504
1231 1059
1231 133
1231 1249
1231 792
1232 1194
1232 734
1232 410
1232 586
1232 582
1233 521
1233 500
1233 1647
1233 1795
1233 24
1234 681
1234 646
1234 266
1234 969
1234 545
1235 905
1235 1912
1235 987
1235 742
1235 325
1236 370
1236 629
1236 1552
1236 110
1236 1213
1237 1669
1237 625
1237 1088
1237 1054
1237 1458
1238 1283
1238 1487
1238 764
1238 623
1238 911
1239 1931
1239 587
1239 502
1239 1775
1239 1501
1240 1556
1240 8
1240 227
1240 535
1240 621
1241 518
1241 57
1241 1324
1241 885
1241 1179
1242 421
1242 1766
1242 929
1242 328
1242 1622
1243 1746
1243 525
1243 76
1243 1385
1243 556
1244 1319
1244 1680
1244 1139
1244 358
1244 695
1245 1629
1245 261
1245 1077
1245 796
1245 1130
1246 1785
1246 1871
1246 262
1246 433
1246 331
1247 1432
1247 1752
1247 1754
1247 919
1247 1158
1248 896
1248 1913
1248 204
1248 1830
1248 1209
1249 173
1249 133
1249 1256
1249 1231
1249 1441
1250 853
1250 846
1250 1424
1250 997
1250 1605
1251 741
1251 1964
1251 1934
1251 1900
1251 1086
1252 1993
1252 1281
1252 1696
1252 661
1252 1078
1253 627
1253 932
1253 1823
1253 200
1253 1312
1254 1686
1254 670
1254 947
1254 312
1254 27
1255 419
1255 411
1255 1290
1255 1540
1255 1824
1256 1441
1256 1528
1256 1249
1256 173
1256 1184
1257 1545
1257 1611
1257 1272
1257 1489
1257 1117
1258 15
1258 392
1258 530
1258 1976
1258 131
1259 1880
1259 392
1259 131
1259 469
1259 362
1260 921
1260 1511
1260 446
1260 1176
1260 428
1261 393
1261 1307
1261 1791
1261 167
1261 1293
1262 1607
1262 454
1262 744
1262 1987
1262 1994
1263 1558
1263 257
1263 1308
1263 1438
1263 1538
1264 1123
1264 1769
1264 1727
1264 1037
1264 1932
1265 1463
1265 1496
1265 273
1265 1492
1265 691
1266 1435
1266 514
1266 907
1266 301
1266 1442
1267 1100
1267 342
1267 1385
1267 1057
1267 356
1268 795
1268 1058
1268 644
1268 1046
1268 1375
1269 476
1269 1604
1269 737
1269 1935
1269 1022
1270 394
1270 642
1270 838
1270 97
1270 1457
1271 1722
1271 1813
1271 254
1271 886
1271 998
1272 1611
1272 707
1272 1117
1272 1545
1272 1257
1273 1222
1273 1878
1273 51
1273 1041
1273 353
1274 1431
1274 1896
1274 1745
1274 1047
1274 1028
1275 1717
1275 197
1275 774
1275 1478
1275 829
1276 1311
1276 1596
1276 341
1276 87
1276 1759
1277 360
1277 1212
1277 349
1277 1641
1277 544
1278 1863
1278 1386
1278 1103
1278 1031
1278 970
1279 1632
1279 568
1279 1443
1279 542
1279 1414
1280 957
1280 166
1280 984
1280 390
1280 443
1281 1252
1281 1993
1281 1696
1281 661
1281 345
1282 1757
1282 1802
1282 1038
1282 524
1282 1395
1283 1238
1283 911
1283 1487
1283 764
1283 623
1284 1985
1284 1388
1284 1997
1284 106
1284 1639
1285 365
1285 833
1285 1327
1285 1909
1285 1477
1286 1784
1286 180
1286 871
1286 1225
1286 656
1287 775
1287 436
1287 873
1287 1740
1287 1495
1288 166
1288 601
1288 208
1288 564
1288 453
1289 1356
1289 313
1289 1202
1289 678
1289 1370
1290 1540
1290 1824
1290 419
1290 1255
1290 1916
1291 549
1291 1773
1291 718
1291 451
1291 1366
1292 388
1292 955
1292 1011
1292 1647
1292 1335
1293 167
1293 1941
1293 393
1293 1261
1293 1307
1294 1983
1294 1921
1294 485
1294 940
1294 1118
1295 1568
1295 676
1295 1933
1295 1581
1295 630
1296 13
1296 729
1296 1513
1296 1193
1296 679
1297 1704
1297 979
1297 1510
1297 1997
1297 1388
1298 973
1298 86
1298 977
1298 1320
1298 1925
1299 735
1299 1955
1299 215
1299 818
1299 924
1300 1113
1300 1886
1300 1953
1300 1423
1300 761
1301 169
1301 1032
1301 1062
1301 1282
1301 524
1302 1763
1302 1517
1302 1637
1302 1835
1302 1147
1303 20
1303 1068
1303 635
1303 404
1303 1503
1304 386
1304 1581
1304 1014
1304 799
1304 1760
1305 591
1305 1483
1305 1201
1305 1910
1305 272
1306 1820
1306 573
1306 241
1306 1150
1306 405
1307 1261
1307 393
1307 1791
1307 1887
1307 1293
1308 712
1308 1263
1308 284
1308 257
1308 1538
1309 1148
1309 1751
1309 184
1309 536
1309 957
1310 999
1310 1350
1310 1889
1310 1436
1310 1705
1311 341
1311 1276
1311 87
1311 1596
1311 862
1312 200
1312 1942
1312 1159
1312 627
1312 1253
1313 1509
1313 602
1313 1973
1313 61
1313 369
1314 398
1314 1144
1314 1394
1314 1048
1314 182
1315 915
1315 692
1315 92
1315 1983
1315 1597
1316 196
1316 899
1316 1411
1316 235
1316 1654
1317 1811
1317 305
1317 1450
1317 912
1317 804
1318 939
1318 109
1318 1729
1318 712
1318 1460
1319 1139
1319 1244
1319 1680
1319 586
1319 1145
1320 1925
1320 1466
1320 977
1320 973
1320 892
1321 1444
1321 66
1321 1741
1321 1190
1321 1663
1322 643
1322 1055
1322 1902
1322 1063
1322 384
1323 1354
1323 703
1323 562
1323 548
1323 1753
1324 19
1324 1179
1324 1241
1324 380
1324 57
1325 1075
1325 663
1325 244
1325 1465
1325 1882
1326 1919
1326 877
1326 954
1326 159
1326 876
1327 833
1327 1285
1327 365
1327 1477
1327 1909
1328 1713
1328 1422
1328 399
1328 389
1328 854
1329 455
1329 793
1329 1523
1329 359
1329 631
1330 322
1330 1507
1330 1859
1330 870
1330 1678
1331 475
1331 961
1331 297
1331 64
1331 651
1332 1961
1332 532
1332 1996
1332 1832
1332 1589
1333 1821
1333 231
1333 694
1333 1146
1333 865
1334 1758
1334 1767
1334 332
1334 199
1334 538
1335 1885
1335 1875
1335 690
1335 1191
1335 1292
1336 95
1336 1960
1336 119
1336 304
1336 544
1337 334
1337 417
1337 1172
1337 548
1337 1998
1338 189
1338 1570
1338 492
1338 415
1338 1024
1339 1991
1339 139
1339 1616
1339 696
1339 743
1340 580
1340 1363
1340 1829
1340 213
1340 1579
1341 792
1341 49
1341 1083
1341 1943
1341 1167
1342 33
1342 226
1342 1884
1342 1901
1342 684
1343 1051
1343 1426
1343 1196
1343 1546
1343 452
1344 1755
1344 1201
1344 1483
1344 591
1344 1305
1345 1682
1345 291
1345 672
1345 1782
1345 1962
1346 377
1346 145
1346 59
1346 242
1346 1731
1347 943
1347 1660
1347 1021
1347 1437
1347 228
1348 1468
1348 1122
1348 1001
1348 1904
1348 68
1349 1550
1349 1834
1349 31
1349 600
1349 78
1350 1350
1350 1310
1350 1889
1350 1705
1350 1436
1351 424
1351 108
1351 1417
1351 289
1351 473
1352 1851
1352 1168
1352 1163
1352 1761
1352 611
1353 9
1353 531
1353 1213
1353 370
1353 54
1354 1908
1354 703
1354 1323
1354 88
1354 789
1355 1069
1355 1106
1355 803
1355 497
1355 294
1356 1289
1356 1202
1356 678
1356 313
1356 1837
1357 788
1357 1131
1357 440
1357 798
1357 343
1358 56
1358 1837
1358 678
1358 240
1358 491
1359 185
1359 1161
1359 1958
1359 598
1359 1160
1360 1360
1360 1825
1360 1379
1360 1445
1360 1790
1361 555
1361 1378
1361 1080
1361 464
1361 161
1362 1101
1362 1128
1362 583
1362 648
1362 704
1363 1829
1363 1340
1363 580
1363 296
1363 1833
1364 1640
1364 1838
1364 1205
1364 1671
1364 1698
1365 1531
1365 1665
1365 682
1365 697
1365 1714
1366 718
1366 1159
1366 1773
1366 1942
1366 99
1367 1177
1367 1410
1367 917
1367 664
1367 1808
1368 376
1368 547
1368 1971
1368 1090
1368 857
1369 203
1369 77
1369 1972
1369 493
1369 534
1370 288
1370 1711
1370 314
1370 561
1370 1202
1371 1623
1371 691
1371 988
1371 273
1371 1496
1372 1464
1372 172
1372 1403
1372 1529
1372 1142
1373 1986
1373 1097
1373 0
1373 828
1373 128
1374 1193
1374 1296
1374 952
1374 1699
1374 1474
1375 41
1375 1046
1375 271
1375 876
1375 159
1376 1806
1376 710
1376 1756
1376 247
1376 1115
1377 141
1377 1056
1377 300
1377 1978
1377 847
1378 1361
1378 694
1378 161
1378 339
1378 1853
1379 364
1379 1360
1379 1825
1379 61
1379 1445
1380 474
1380 880
1380 1534
1380 1079
1380 1614
1381 462
1381 1485
1381 1124
1381 1576
1381 1946
1382 1747
1382 1849
1382 1404
1382 1637
1382 1517
1383 142
1383 579
1383 295
1383 1681
1383 850
1384 640
1384 102
1384 1668
1384 1117
1384 1611
1385 1746
1385 1243
1385 1100
1385 525
1385 76
1386 1103
1386 1278
1386 1863
1386 546
1386 865
1387 736
1387 1593
1387 1045
1387 1577
1387 1690
1388 1997
1388 1985
1388 1284
1388 1084
1388 979
1389 1045
1389 654
1389 179
1389 798
1389 1131
1390 1390
1390 206
1390 415
1390 1338
1390 189
1391 683
1391 551
1391 804
1391 1043
1391 408
1392 1798
1392 163
1392 1174
1392 118
1392 1762
1393 1750
1393 1486
1393 125
1393 1590
1393 1512
1394 1048
1394 879
1394 1314
1394 398
1394 1594
1395 1038
1395 1802
1395 1081
1395 1757
1395 256
1396 754
1396 1578
1396 708
1396 1921
1396 841
1397 407
1397 1735
1397 54
1397 518
1397 1113
1398 1031
1398 946
1398 1126
1398 970
1398 1278
1399 660
1399 1977
1399 833
1399 1327
1399 365
1400 195
1400 1525
1400 1688
1400 569
1400 709
1401 1738
1401 1914
1401 1733
1401 1136
1401 355
1402 132
1402 1058
1402 1505
1402 490
1402 1046
1403 1464
1403 1529
1403 1142
1403 1736
1403 1372
1404 1637
1404 1849
1404 1382
1404 1747
1404 26
1405 1040
1405 1745
1405 1896
1405 1853
1405 1028
1406 505
1406 1739
1406 1600
1406 1922
1406 538
1407 1594
1407 1394
1407 1098
1407 526
1407 175
1408 895
1408 1769
1408 1082
1408 665
1408 1932
1409 1017
1409 1864
1409 489
1409 352
1409 1059
1410 1367
1410 1177
1410 235
1410 899
1410 917
1411 196
1411 1316
1411 1060
1411 899
1411 457
1412 1627
1412 153
1412 324
1412 335
1412 1052
1413 787
1413 1900
1413 1565
1413 1251
1413 1486
1414 1443
1414 992
1414 1185
1414 568
1414 779
1415 1743
1415 1768
1415 1200
1415 1901
1415 1183
1416 1002
1416 1551
1416 653
1416 1442
1416 557
1417 313
1417 108
1417 314
1417 288
1417 1289
1418 831
1418 481
1418 688
1418 349
1418 616
1419 1127
1419 565
1419 413
1419 814
1419 823
1420 1520
1420 1630
1420 1010
1420 499
1420 960
1421 463
1421 954
1421 877
1421 1919
1421 1967
1422 1713
1422 1328
1422 399
1422 389
1422 854
1423 1113
1423 761
1423 1300
1423 1886
1423 1953
1424 1533
1424 853
1424 689
1424 1250
1424 835
1425 1425
1425 1619
1425 1938
1425 253
1425 1833
1426 1051
1426 1343
1426 1196
1426 1546
1426 1072
1427 596
1427 226
1427 1810
1427 684
1427 38
1428 802
1428 1664
1428 285
1428 67
1428 806
1429 953
1429 606
1429 402
1429 1730
1429 1065
1430 1135
1430 441
1430 1587
1430 608
1430 927
1431 1274
1431 1896
1431 1745
1431 1028
1431 1853
1432 1247
1432 1752
1432 1754
1432 919
1432 1158
1433 713
1433 194
1433 1796
1433 1930
1433 120
1434 177
1434 260
1434 186
1434 12
1434 73
1435 1266
1435 514
1435 301
1435 907
1435 557
1436 1889
1436 59
1436 1310
1436 999
1436 1350
1437 1021
1437 1660
1437 641
1437 1347
1437 248
1438 1488
1438 1538
1438 1263
1438 1020
1438 511
1439 1133
1439 1455
1439 1547
1439 1532
1439 1744
1440 1799
1440 30
1440 575
1440 1585
1440 300
1441 1256
1441 1528
1441 299
1441 1030
1441 1249
1442 557
1442 514
1442 1435
1442 1002
1442 1416
1443 568
1443 1414
1443 1279
1443 1632
1443 255
1444 66
1444 1321
1444 1741
1444 363
1444 1190
1445 353
1445 1041
1445 364
1445 1360
1445 51
1446 869
1446 1724
1446 1699
1446 956
1446 507
1447 1151
1447 258
1447 62
1447 1526
1447 257
1448 631
1448 90
1448 1998
1448 609
1448 429
1449 265
1449 855
1449 1761
1449 1474
1449 5
1450 1811
1450 912
1450 843
1450 40
1450 1317
1451 1956
1451 794
1451 533
1451 820
1451 1648
1452 492
1452 1024
1452 1570
1452 308
1452 1338
1453 1098
1453 432
1453 175
1453 1594
1453 1909
1454 319
1454 534
1454 493
1454 673
1454 847
1455 1547
1455 1439
1455 14
1455 1133
1455 528
1456 1892
1456 523
1456 361
1456 1458
1456 1054
1457 394
1457 97
1457 884
1457 1270
1457 1636
1458 1054
1458 625
1458 478
1458 220
1458 28
1459 674
1459 1071
1459 1789
1459 21
1459 724
1460 16
1460 113
1460 1207
1460 109
1460 413
1461 874
1461 521
1461 1924
1461 24
1461 1086
1462 1230
1462 1109
1462 1522
1462 447
1462 560
1463 1265
1463 1920
1463 23
1463 1742
1463 121
1464 1403
1464 1372
1464 1529
1464 1736
1464 1142
1465 244
1465 663
1465 323
1465 1079
1465 1220
1466 1925
1466 1320
1466 977
1466 892
1466 973
1467 1663
1467 272
1467 1321
1467 1695
1467 1091
1468 1348
1468 68
1468 1122
1468 1904
1468 1001
1469 1178
1469 1644
1469 725
1469 864
1469 1638
1470 1096
1470 1116
1470 1003
1470 950
1470 438
1471 1229
1471 810
1471 1692
1471 949
1471 1822
1472 743
1472 1616
1472 139
1472 1793
1472 1536
1473 1597
1473 658
1473 978
1473 1118
1473 1928
1474 952
1474 265
1474 1193
1474 892
1474 1374
1475 503
1475 815
1475 1564
1475 1719
1475 37
1476 1945
1476 1902
1476 964
1476 1958
1476 384
1477 1095
1477 1909
1477 1327
1477 1285
1477 365
1478 829
1478 1275
1478 774
1478 197
1478 1717
1479 1493
1479 1666
1479 1777
1479 396
1479 1502
1480 1480
1480 479
1480 1061
1480 101
1480 903
1481 981
1481 50
1481 621
1481 223
1481 8
1482 1482
1482 1681
1482 1073
1482 1684
1482 819
1483 1201
1483 1305
1483 591
1483 354
1483 1612
1484 1689
1484 1710
1484 435
1484 419
1484 1540
1485 462
1485 1381
1485 945
1485 1518
1485 25
1486 1393
1486 1750
1486 125
1486 1590
1486 1512
1487 764
1487 1238
1487 1709
1487 623
1487 1283
1488 1438
1488 1538
1488 1020
1488 379
1488 1263
1489 1272
1489 1545
1489 707
1489 1257
1489 1611
1490 610
1490 608
1490 1976
1490 1587
1490 247
1491 223
1491 707
1491 50
1491 70
1491 1117
1492 1496
1492 273
1492 1092
1492 1265
1492 113
1493 1479
1493 1666
1493 815
1493 1502
1493 396
1494 740
1494 1635
1494 783
1494 1204
1494 79
1495 280
1495 775
1495 1077
1495 436
1495 261
1496 273
1496 1492
1496 691
1496 1623
1496 1371
1497 37
1497 202
1497 503
1497 604
1497 1564
1498 354
1498 1612
1498 1201
1498 1483
1498 93
1499 964
1499 1476
1499 704
1499 85
1499 598
1500 112
1500 1111
1500 830
1500 844
1500 183
1501 1775
1501 1847
1501 822
1501 656
1501 468
1502 452
1502 1479
1502 1343
1502 1072
1502 785
1503 404
1503 48
1503 296
1503 1303
1503 719
1504 588
1504 1621
1504 306
1504 832
1504 528
1505 132
1505 1939
1505 791
1505 1402
1505 285
1506 286
1506 1174
1506 1164
1506 628
1506 1858
1507 1859
1507 1330
1507 322
1507 870
1507 1678
1508 674
1508 449
1508 499
1508 1071
1508 753
1509 1313
1509 1973
1509 602
1509 61
1509 369
1510 1297
1510 1704
1510 979
1510 1997
1510 1388
1511 1176
1511 1260
1511 446
1511 428
1511 921
1512 1963
1512 125
1512 1590
1512 745
1512 1750
1513 647
1513 679
1513 729
1513 250
1513 0
1514 1658
1514 1687
1514 1984
1514 612
1514 727
1515 1582
1515 731
1515 1861
1515 471
1515 569
1516 1532
1516 1199
1516 593
1516 351
1516 1908
1517 1849
1517 1302
1517 1637
1517 1382
1517 1404
1518 945
1518 556
1518 76
1518 1157
1518 1702
1519 436
1519 1640
1519 1838
1519 1544
1519 280
1520 1630
1520 1420
1520 960
1520 1010
1520 959
1521 906
1521 128
1521 36
1521 730
1521 669
1522 715
1522 1230
1522 1462
1522 287
1522 772
1523 359
1523 1539
1523 1329
1523 455
1523 81
1524 1964
1524 1934
1524 1086
1524 860
1524 245
1525 1688
1525 1400
1525 245
1525 195
1525 1900
1526 1558
1526 1151
1526 257
1526 284
1526 1263
1527 732
1527 431
1527 1881
1527 570
1527 224
1528 1441
1528 1256
1528 1112
1528 299
1528 572
1529 1403
1529 1464
1529 1142
1529 607
1529 1372
1530 1018
1530 1110
1530 409
1530 837
1530 1850
1531 1365
1531 1714
1531 1665
1531 682
1531 697
1532 1133
1532 1744
1532 1199
1532 1439
1532 1516
1533 689
1533 1424
1533 835
1533 716
1533 853
1534 1380
1534 1075
1534 880
1534 474
1534 1079
1535 292
1535 2
1535 263
1535 1537
1535 578
1536 567
1536 1616
1536 1646
1536 743
1536 1472
1537 2
1537 578
1537 42
1537 926
1537 1791
1538 1488
1538 1438
1538 1020
1538 1263
1538 1308
1539 81
1539 944
1539 1523
1539 359
1539 684
1540 1824
1540 1290
1540 419
1540 1916
1540 1710
1541 722
1541 515
1541 1547
1541 1455
1541 14
1542 1565
1542 726
1542 1393
1542 636
1542 1750
1543 1920
1543 911
1543 121
1543 1742
1543 368
1544 1899
1544 1951
1544 975
1544 1519
1544 280
1545 1257
1545 1611
1545 1272
1545 1489
1545 1117
1546 1196
1546 375
1546 1051
1546 1343
1546 1426
1547 14
1547 1455
1547 1439
1547 528
1547 1133
1548 1006
1548 149
1548 1171
1548 858
1548 1965
1549 1029
1549 328
1549 73
1549 1766
1549 1242
1550 1834
1550 1349
1550 325
1550 31
1550 78
1551 653
1551 1002
1551 1416
1551 1210
1551 1442
1552 370
1552 1213
1552 1236
1552 1120
1552 9
1553 1967
1553 1919
1553 1326
1553 268
1553 1977
1554 1554
1554 822
1554 1847
1554 656
1554 1501
1555 282
1555 1790
1555 975
1555 1951
1555 698
1556 8
1556 621
1556 1240
1556 1104
1556 227
1557 723
1557 726
1557 636
1557 293
1557 649
1558 1526
1558 257
1558 1263
1558 284
1558 1151
1559 212
1559 1969
1559 371
1559 995
1559 581
1560 29
1560 1129
1560 808
1560 1634
1560 982
1561 1936
1561 620
1561 55
1561 777
1561 855
1562 783
1562 1830
1562 190
1562 1913
1562 1792
1563 735
1563 780
1563 779
1563 225
1563 391
1564 503
1564 1475
1564 815
1564 202
1564 37
1565 1542
1565 1413
1565 1900
1565 1688
1565 1525
1566 343
1566 275
1566 1215
1566 1608
1566 440
1567 700
1567 965
1567 607
1567 1016
1567 32
1568 1295
1568 1933
1568 676
1568 630
1568 1581
1569 1886
1569 1953
1569 1300
1569 1113
1569 1423
1570 492
1570 1338
1570 189
1570 415
1570 1024
1571 221
1571 813
1571 690
1571 675
1571 1982
1572 894
1572 826
1572 1036
1572 225
1572 1877
1573 1949
1573 1992
1573 425
1573 1580
1573 1634
1574 43
1574 359
1574 770
1574 455
1574 771
1575 124
1575 1670
1575 1734
1575 471
1575 1941
1576 1946
1576 1124
1576 781
1576 1905
1576 638
1577 1690
1577 617
1577 1593
1577 760
1577 900
1578 459
1578 22
1578 841
1578 1396
1578 1944
1579 213
1579 677
1579 1173
1579 1027
1579 1803
1580 425
1580 951
1580 1992
1580 1584
1580 1952
1581 1304
1581 386
1581 1014
1581 676
1581 799
1582 1861
1582 731
1582 1515
1582 471
1582 1807
1583 983
1583 612
1583 378
1583 1169
1583 1687
1584 951
1584 662
1584 1580
1584 1634
1584 600
1585 928
1585 30
1585 96
1585 1440
1585 434
1586 1169
1586 1514
1586 1687
1586 1658
1586 612
1587 608
1587 610
1587 441
1587 247
1587 1135
1588 1808
1588 1648
1588 533
1588 1177
1588 235
1589 477
1589 532
1589 1615
1589 801
1589 1617
1590 125
1590 1512
1590 1963
1590 745
1590 1750
1591 1937
1591 1764
1591 130
1591 1737
1591 1138
1592 1856
1592 1650
1592 982
1592 83
1592 799
1593 1577
1593 1387
1593 736
1593 1690
1593 617
1594 1098
1594 1407
1594 1394
1594 432
1594 879
1595 204
1595 1209
1595 896
1595 326
1595 1248
1596 1276
1596 1759
1596 87
1596 1311
1596 341
1597 1473
1597 92
1597 1118
1597 1928
1597 485
1598 997
1598 1196
1598 1546
1598 1605
1598 19
1599 82
1599 415
1599 1672
1599 1570
1599 117
1600 986
1600 1786
1600 229
1600 1406
1600 505
1601 668
1601 1702
1601 465
1601 25
1601 148
1602 526
1602 790
1602 1
1602 175
1602 103
1603 702
1603 1673
1603 277
1603 163
1603 633
1604 737
1604 1269
1604 476
1604 820
1604 1935
1605 997
1605 846
1605 853
1605 805
1605 1631
1606 1948
1606 1870
1606 1904
1606 634
1606 1822
1607 1262
1607 454
1607 1994
1607 340
1607 1987
1608 343
1608 1566
1608 488
1608 875
1608 1357
1609 1815
1609 1718
1609 1744
1609 1105
1609 1133
1610 932
1610 1268
1610 1058
1610 1253
1610 644
1611 1272
1611 1545
1611 1117
1611 707
1611 1257
1612 354
1612 1498
1612 1695
1612 272
1612 1201
1613 809
1613 1873
1613 1955
1613 222
1613 884
1614 474
1614 1079
1614 1957
1614 1979
1614 65
1615 1617
1615 477
1615 1589
1615 801
1615 1703
1616 139
1616 743
1616 1472
1616 1536
1616 567
1617 1615
1617 801
1617 477
1617 1703
1617 1589
1618 333
1618 1915
1618 1752
1618 1697
1618 1432
1619 1938
1619 816
1619 1425
1619 253
1619 1829
1620 962
1620 659
1620 665
1620 895
1620 1628
1621 306
1621 1504
1621 351
1621 588
1621 528
1622 929
1622 1766
1622 176
1622 421
1622 1108
1623 1371
1623 691
1623 988
1623 273
1623 1496
1624 724
1624 21
1624 959
1624 1459
1624 1789
1625 1794
1625 1816
1625 910
1625 1076
1625 1203
1626 171
1626 1966
1626 94
1626 317
1626 902
1627 153
1627 1412
1627 103
1627 324
1627 824
1628 114
1628 1869
1628 391
1628 665
1628 780
1629 1245
1629 261
1629 1077
1629 796
1629 1130
1630 1520
1630 1420
1630 395
1630 750
1630 630
1631 805
1631 1195
1631 846
1631 1605
1631 835
1632 1279
1632 1443
1632 542
1632 568
1632 1070
1633 216
1633 996
1633 1801
1633 243
1633 930
1634 1992
1634 1584
1634 951
1634 1580
1634 662
1635 1494
1635 157
1635 1655
1635 374
1635 1204
1636 97
1636 448
1636 1457
1636 394
1636 1270
1637 1404
1637 1849
1637 1302
1637 1382
1637 1517
1638 725
1638 1168
1638 611
1638 1178
1638 1352
1639 311
1639 106
1639 1726
1639 762
1639 730
1640 1838
1640 1364
1640 1519
1640 1205
1640 1671
1641 1226
1641 349
1641 360
1641 544
1641 1277
1642 439
1642 239
1642 238
1642 372
1642 361
1643 1219
1643 1211
1643 1645
1643 658
1643 411
1644 864
1644 1469
1644 1178
1644 725
1644 162
1645 411
1645 1255
1645 1211
1645 1290
1645 1643
1646 567
1646 1121
1646 1198
1646 1536
1646 1739
1647 1011
1647 1233
1647 63
1647 955
1647 24
1648 533
1648 1588
1648 1451
1648 680
1648 71
1649 1099
1649 1929
1649 344
1649 1927
1649 252
1650 799
1650 1592
1650 83
1650 1856
1650 982
1651 35
1651 1778
1651 1229
1651 1063
1651 1183
1652 183
1652 1788
1652 844
1652 1134
1652 1044
1653 98
1653 346
1653 277
1653 1212
1653 633
1654 486
1654 235
1654 595
1654 899
1654 1926
1655 7
1655 657
1655 157
1655 356
1655 1635
1656 845
1656 1007
1656 972
1656 794
1656 1227
1657 1158
1657 1974
1657 919
1657 1752
1657 1901
1658 1687
1658 612
1658 983
1658 1514
1658 1169
1659 1052
1659 866
1659 460
1659 270
1659 335
1660 1347
1660 1021
1660 1437
1660 248
1660 943
1661 1053
1661 571
1661 1828
1661 1772
1661 316
1662 378
1662 1583
1662 908
1662 307
1662 983
1663 1467
1663 272
1663 1091
1663 1695
1663 1321
1664 802
1664 1428
1664 67
1664 285
1664 1804
1665 1365
1665 1039
1665 1531
1665 1839
1665 867
1666 396
1666 1479
1666 1777
1666 1493
1666 198
1667 1035
1667 150
1667 558
1667 1216
1667 806
1668 102
1668 1019
1668 501
1668 640
1668 1384
1669 1237
1669 625
1669 1054
1669 1458
1669 230
1670 4
1670 1807
1670 1575
1670 471
1670 1968
1671 1698
1671 1205
1671 1364
1671 1640
1671 1838
1672 82
1672 557
1672 1599
1672 1442
1672 514
1673 1603
1673 205
1673 277
1673 702
1673 633
1674 1728
1674 1119
1674 913
1674 1030
1674 352
1675 1981
1675 641
1675 1437
1675 1021
1675 1970
1676 867
1676 371
1676 1531
1676 1665
1676 1714
1677 198
1677 642
1677 401
1677 1270
1677 838
1678 638
1678 1905
1678 1946
1678 781
1678 1330
1679 426
1679 1949
1679 1952
1679 1573
1679 1247
1680 358
1680 695
1680 1244
1680 866
1680 348
1681 1073
1681 850
1681 1482
1681 295
1681 819
1682 1345
1682 291
1682 1782
1682 672
1682 1962
1683 1015
1683 941
1683 836
1683 517
1683 1923
1684 819
1684 1073
1684 126
1684 850
1684 1482
1685 470
1685 1787
1685 174
1685 1146
1685 231
1686 1254
1686 670
1686 947
1686 312
1686 188
1687 1658
1687 612
1687 983
1687 1169
1687 1514
1688 1525
1688 1400
1688 1565
1688 195
1688 636
1689 435
1689 1484
1689 1710
1689 419
1689 168
1690 1577
1690 617
1690 900
1690 1593
1690 760
1691 1917
1691 680
1691 794
1691 71
1691 1451
1692 985
1692 1055
1692 1471
1692 179
1692 654
1693 496
1693 1092
1693 1020
1693 210
1693 16
1694 649
1694 1217
1694 293
1694 53
1694 589
1695 272
1695 1612
1695 1091
1695 1663
1695 354
1696 1252
1696 661
1696 1078
1696 1993
1696 1281
1697 224
1697 71
1697 1881
1697 1618
1697 680
1698 1671
1698 1205
1698 1364
1698 1640
1698 1838
1699 869
1699 1446
1699 1724
1699 956
1699 507
1700 131
1700 392
1700 1049
1700 925
1700 1258
1701 881
1701 1988
1701 147
1701 1709
1701 784
1702 1601
1702 668
1702 25
1702 1518
1702 465
1703 1989
1703 1617
1703 1615
1703 368
1703 1996
1704 1297
1704 979
1704 1510
1704 162
1704 1388
1705 12
1705 260
1705 256
1705 999
1705 1350
1706 537
1706 385
1706 65
1706 151
1706 856
1707 302
1707 1774
1707 1050
1707 461
1707 75
1708 340
1708 807
1708 116
1708 105
1708 1607
1709 1988
1709 1487
1709 1701
1709 881
1709 1165
1710 419
1710 1484
1710 1540
1710 1824
1710 1290
1711 561
1711 1202
1711 1370
1711 297
1711 1356
1712 784
1712 147
1712 320
1712 881
1712 1701
1713 1328
1713 1422
1713 399
1713 389
1713 854
1714 682
1714 1531
1714 697
1714 1872
1714 1365
1715 1831
1715 217
1715 320
1715 1735
1715 1569
1716 980
1716 1167
1716 522
1716 1943
1716 389
1717 1275
1717 197
1717 774
1717 1115
1717 710
1718 1105
1718 1815
1718 1818
1718 487
1718 1609
1719 416
1719 483
1719 685
1719 1475
1719 815
1720 1208
1720 215
1720 1955
1720 350
1720 924
1721 422
1721 561
1721 651
1721 1331
1721 961
1722 1271
1722 998
1722 875
1722 1813
1722 254
1723 797
1723 1153
1723 420
1723 249
1723 1841
1724 1446
1724 276
1724 507
1724 869
1724 956
1725 711
1725 1084
1725 1985
1725 868
1725 298
1726 762
1726 1639
1726 669
1726 311
1726 106
1727 1037
1727 1264
1727 1123
1727 1769
1727 1154
1728 1674
1728 1119
1728 352
1728 913
1728 1030
1729 251
1729 939
1729 284
1729 62
1729 712
1730 606
1730 1065
1730 1429
1730 402
1730 1056
1731 576
1731 188
1731 1346
1731 377
1731 1918
1732 249
1732 530
1732 420
1732 1153
1732 15
1733 1738
1733 355
1733 1401
1733 1136
1733 1914
1734 1170
1734 124
1734 160
1734 1140
1734 1575
1735 1397
1735 407
1735 885
1735 1886
1735 1953
1736 1142
1736 1464
1736 1403
1736 1529
1736 807
1737 494
1737 130
1737 1591
1737 1764
1737 1907
1738 1733
1738 1136
1738 1401
1738 1914
1738 355
1739 1922
1739 538
1739 1646
1739 505
1739 1406
1740 403
1740 1130
1740 775
1740 1287
1740 762
1741 1855
1741 1444
1741 1836
1741 66
1741 1190
1742 368
1742 23
1742 1989
1742 1920
1742 1703
1743 1415
1743 1768
1743 1974
1743 1200
1743 85
1744 1133
1744 1532
1744 1609
1744 1439
1744 487
1745 1853
1745 1896
1745 1431
1745 1405
1745 1274
1746 525
1746 1243
1746 1385
1746 1100
1746 76
1747 1382
1747 1404
1747 1849
1747 1205
1747 1838
1748 355
1748 706
1748 769
1748 1914
1748 637
1749 585
1749 519
1749 170
1749 318
1749 1944
1750 1393
1750 1486
1750 125
1750 1963
1750 1512
1751 1148
1751 1309
1751 184
1751 957
1751 984
1752 1432
1752 1247
1752 1754
1752 919
1752 1158
1753 1323
1753 1621
1753 645
1753 1354
1753 233
1754 1432
1754 1247
1754 1752
1754 224
1754 570
1755 1228
1755 1344
1755 520
1755 971
1755 1201
1756 1376
1756 1806
1756 1490
1756 247
1756 610
1757 1282
1757 1802
1757 1038
1757 1395
1757 524
1758 1334
1758 1767
1758 332
1758 199
1758 538
1759 1596
1759 87
1759 746
1759 1276
1759 1311
1760 1014
1760 386
1760 1304
1760 1137
1760 1781
1761 5
1761 1163
1761 1352
1761 1851
1761 1449
1762 883
1762 1392
1762 1798
1762 163
1762 1603
1763 1302
1763 1835
1763 1147
1763 1517
1763 1637
1764 444
1764 1591
1764 1907
1764 1937
1764 1818
1765 467
1765 1064
1765 366
1765 1192
1765 1000
1766 421
1766 1242
1766 328
1766 1622
1766 929
1767 332
1767 1334
1767 199
1767 1758
1767 1454
1768 1200
1768 1415
1768 1183
1768 1743
1768 1901
1769 1264
1769 1932
1769 1082
1769 1408
1769 429
1770 773
1770 1855
1770 646
1770 1026
1770 1836
1771 696
1771 1472
1771 1793
1771 743
1771 1186
1772 571
1772 1828
1772 1661
1772 893
1772 269
1773 718
1773 1366
1773 1291
1773 1159
1773 1950
1774 1707
1774 302
1774 75
1774 491
1774 1898
1775 1501
1775 1931
1775 1239
1775 468
1775 1847
1776 152
1776 563
1776 1840
1776 255
1776 1195
1777 396
1777 1666
1777 1479
1777 164
1777 838
1778 38
1778 1810
1778 596
1778 1651
1778 226
1779 771
1779 770
1779 43
1779 359
1779 849
1780 953
1780 606
1780 1892
1780 1429
1780 1065
1781 614
1781 1856
1781 664
1781 1650
1781 1760
1782 1682
1782 498
1782 1845
1782 1345
1782 291
1783 1424
1783 1533
1783 1214
1783 689
1783 1250
1784 1784
1784 180
1784 871
1784 1225
1784 656
1785 1246
1785 262
1785 1871
1785 755
1785 303
1786 229
1786 986
1786 127
1786 1600
1786 186
1787 1685
1787 470
1787 1161
1787 1146
1787 1958
1788 933
1788 600
1788 1652
1788 662
1788 844
1789 830
1789 21
1789 1459
1789 891
1789 724
1790 1555
1790 282
1790 1825
1790 364
1790 1360
1791 926
1791 1537
1791 578
1791 42
1791 1307
1792 190
1792 1209
1792 1830
1792 896
1792 1248
1793 1472
1793 743
1793 1121
1793 1198
1793 338
1794 1625
1794 1076
1794 156
1794 910
1794 1816
1795 652
1795 500
1795 1819
1795 521
1795 1233
1796 1930
1796 613
1796 1433
1796 713
1796 914
1797 104
1797 916
1797 860
1797 709
1797 934
1798 163
1798 118
1798 1392
1798 702
1798 1603
1799 575
1799 1440
1799 901
1799 199
1799 1585
1800 728
1800 264
1800 996
1800 930
1800 1633
1801 243
1801 889
1801 1852
1801 1633
1801 1225
1802 1038
1802 1757
1802 1395
1802 1081
1802 1282
1803 1004
1803 213
1803 677
1803 1579
1803 1173
1804 67
1804 811
1804 1971
1804 232
1804 802
1805 701
1805 829
1805 1122
1805 68
1805 774
1806 923
1806 1376
1806 710
1806 667
1806 1756
1807 4
1807 1670
1807 934
1807 1582
1807 1861
1808 1177
1808 1588
1808 917
1808 1367
1808 1410
1809 592
1809 72
1809 122
1809 935
1809 146
1810 38
1810 596
1810 1778
1810 1427
1810 226
1811 1317
1811 1450
1811 912
1811 305
1811 843
1812 936
1812 138
1812 1162
1812 897
1812 1140
1813 757
1813 1271
1813 1722
1813 886
1813 254
1814 972
1814 1227
1814 861
1814 1656
1814 1359
1815 1105
1815 1609
1815 1718
1815 976
1815 1744
1816 910
1816 1203
1816 1625
1816 814
1816 823
1817 1022
1817 1166
1817 55
1817 248
1817 1269
1818 444
1818 1718
1818 1138
1818 1764
1818 1105
1819 652
1819 699
1819 1795
1819 1924
1819 500
1820 1306
1820 573
1820 241
1820 1150
1820 405
1821 1333
1821 694
1821 231
1821 1146
1821 1156
1822 810
1822 1948
1822 1870
1822 1904
1822 1606
1823 1253
1823 1983
1823 627
1823 915
1823 932
1824 1824
1824 1290
1824 419
1824 1916
1824 1710
1825 364
1825 1360
1825 1379
1825 1790
1825 1517
1826 817
1826 604
1826 772
1826 1522
1826 715
1827 1827
1827 58
1827 827
1827 1868
1827 1074
1828 571
1828 316
1828 1053
1828 619
1828 893
1829 1363
1829 253
1829 1833
1829 580
1829 1340
1830 1913
1830 1248
1830 896
1830 1562
1830 190
1831 1715
1831 217
1831 320
1831 1569
1831 1735
1832 1996
1832 988
1832 1989
1832 23
1832 691
1833 253
1833 129
1833 1829
1833 816
1833 1425
1834 1550
1834 1349
1834 325
1834 31
1834 78
1835 1763
1835 1302
1835 1147
1835 45
1835 1517
1836 1026
1836 1190
1836 1206
1836 594
1836 1091
1837 678
1837 1202
1837 1356
1837 1358
1837 1289
1838 1640
1838 1364
1838 1205
1838 1519
1838 1671
1839 1039
1839 1665
1839 210
1839 379
1839 219
1840 255
1840 563
1840 152
1840 1776
1840 1175
1841 920
1841 420
1841 705
1841 925
1841 249
1842 1947
1842 974
1842 1242
1842 77
1842 239
1843 443
1843 1180
1843 957
1843 390
1843 1280
1844 1125
1844 148
1844 1057
1844 465
1844 668
1845 498
1845 1782
1845 882
1845 672
1845 1962
1846 170
1846 74
1846 318
1846 585
1846 1749
1847 468
1847 1501
1847 822
1847 747
1847 1554
1848 552
1848 751
1848 509
1848 1966
1848 524
1849 1637
1849 1404
1849 1382
1849 1517
1849 1747
1850 279
1850 409
1850 1110
1850 1530
1850 837
1851 1352
1851 1163
1851 1168
1851 977
1851 1761
1852 889
1852 243
1852 264
1852 1801
1852 996
1853 1745
1853 1156
1853 694
1853 1405
1853 1378
1854 891
1854 830
1854 1789
1854 21
1854 1843
1855 1741
1855 1770
1855 363
1855 646
1855 1836
1856 1592
1856 1650
1856 1781
1856 614
1856 799
1857 336
1857 512
1857 1371
1857 988
1857 1623
1858 1174
1858 628
1858 286
1858 1506
1858 1062
1859 1507
1859 1330
1859 322
1859 870
1859 660
1860 397
1860 568
1860 992
1860 1185
1860 1414
1861 471
1861 1582
1861 1515
1861 1807
1861 731
1862 1074
1862 58
1862 1000
1862 467
1862 366
1863 1278
1863 218
1863 1103
1863 1386
1863 970
1864 489
1864 1409
1864 1017
1864 1059
1864 1090
1865 628
1865 326
1865 1858
1865 1595
1865 1966
1866 993
1866 622
1866 966
1866 912
1866 843
1867 577
1867 329
1867 760
1867 466
1867 617
1868 1074
1868 1000
1868 178
1868 1827
1868 58
1869 1628
1869 114
1869 665
1869 391
1869 992
1870 1948
1870 1606
1870 1822
1870 1904
1870 634
1871 1246
1871 331
1871 1785
1871 755
1871 201
1872 1714
1872 682
1872 697
1872 909
1872 1531
1873 809
1873 1613
1873 1457
1873 222
1873 1955
1874 825
1874 948
1874 970
1874 734
1874 1194
1875 690
1875 1885
1875 1982
1875 1335
1875 675
1876 590
1876 644
1876 259
1876 795
1876 1067
1877 818
1877 826
1877 1572
1877 686
1877 894
1878 1273
1878 1222
1878 381
1878 1041
1878 51
1879 529
1879 283
1879 469
1879 1880
1879 172
1880 469
1880 283
1880 529
1880 1879
1880 1259
1881 224
1881 431
1881 1527
1881 732
1881 1697
1882 1107
1882 495
1882 93
1882 1075
1882 1325
1883 456
1883 274
1883 927
1883 550
1883 329
1884 944
1884 1342
1884 81
1884 426
1884 1539
1885 1335
1885 1875
1885 1191
1885 18
1885 690
1886 1953
1886 1300
1886 1113
1886 1423
1886 407
1887 70
1887 1893
1887 423
1887 1491
1887 1307
1888 304
1888 1960
1888 297
1888 95
1888 863
1889 1310
1889 999
1889 1350
1889 145
1889 1436
1890 278
1890 796
1890 1077
1890 1951
1890 261
1891 858
1891 1965
1891 749
1891 149
1891 1083
1892 1456
1892 361
1892 523
1892 1780
1892 238
1893 423
1893 1042
1893 1887
1893 70
1893 263
1894 824
1894 1171
1894 103
1894 91
1894 854
1895 269
1895 374
1895 851
1895 146
1895 740
1896 1431
1896 1274
1896 1745
1896 1028
1896 1405
1897 758
1897 559
1897 44
1897 1911
1897 888
1898 75
1898 687
1898 323
1898 1220
1898 1957
1899 1951
1899 975
1899 1544
1899 278
1899 280
1900 1413
1900 1251
1900 1565
1900 787
1900 1525
1901 33
1901 1200
1901 1415
1901 1768
1901 1974
1902 384
1902 1476
1902 1322
1902 1063
1902 458
1903 1034
1903 312
1903 618
1903 327
1903 947
1904 1606
1904 1948
1904 1468
1904 1348
1904 1822
1905 781
1905 1946
1905 1576
1905 638
1905 1124
1906 767
1906 242
1906 11
1906 1186
1906 1346
1907 1764
1907 444
1907 1737
1907 1591
1907 1818
1908 1354
1908 703
1908 1516
1908 88
1908 1323
1909 1477
1909 1095
1909 1285
1909 365
1909 833
1910 859
1910 591
1910 1305
1910 96
1910 434
1911 758
1911 263
1911 1897
1911 292
1911 559
1912 905
1912 987
1912 553
1912 1235
1912 659
1913 1248
1913 1830
1913 896
1913 204
1913 506
1914 355
1914 1748
1914 1401
1914 1733
1914 1738
1915 333
1915 1618
1915 583
1915 680
1915 71
1916 1540
1916 1824
1916 1290
1916 419
1916 1986
1917 1691
1917 794
1917 680
1917 1451
1917 583
1918 576
1918 327
1918 1731
1918 242
1918 1906
1919 1326
1919 877
1919 954
1919 1421
1919 1553
1920 1463
1920 1742
1920 121
1920 1543
1920 23
1921 1294
1921 485
1921 940
1921 754
1921 1118
1922 1739
1922 538
1922 1646
1922 1121
1922 1198
1923 836
1923 941
1923 406
1923 1015
1923 888
1924 1461
1924 699
1924 1819
1924 874
1924 860
1925 1466
1925 1320
1925 977
1925 973
1925 892
1926 566
1926 748
1926 134
1926 777
1926 1654
1927 344
1927 252
1927 1929
1927 313
1927 1417
1928 714
1928 1118
1928 485
1928 1211
1928 1597
1929 252
1929 344
1929 1927
1929 240
1929 1649
1930 613
1930 1796
1930 914
1930 1433
1930 1721
1931 1239
1931 1775
1931 587
1931 502
1931 1501
1932 429
1932 1082
1932 1769
1932 609
1932 90
1933 630
1933 1568
1933 676
1933 1295
1933 192
1934 1964
1934 245
1934 1524
1934 1251
1934 741
1935 737
1935 476
1935 820
1935 1604
1935 1956
1936 1561
1936 620
1936 55
1936 777
1936 855
1937 1591
1937 1138
1937 487
1937 1764
1937 1818
1938 1619
1938 816
1938 1425
1938 253
1938 20
1939 791
1939 806
1939 1505
1939 285
1939 752
1940 60
1940 155
1940 39
1940 299
1940 1030
1941 167
1941 1293
1941 1968
1941 800
1941 393
1942 1159
1942 200
1942 1366
1942 718
1942 1312
1943 1167
1943 1083
1943 49
1943 1716
1943 522
1944 459
1944 1749
1944 527
1944 150
1944 1216
1945 1476
1945 1958
1945 458
1945 384
1945 598
1946 1576
1946 781
1946 1124
1946 1905
1946 638
1947 974
1947 77
1947 1842
1947 1972
1947 1369
1948 1606
1948 1870
1948 1904
1948 1822
1948 634
1949 1573
1949 1992
1949 425
1949 1580
1949 1952
1950 599
1950 1773
1950 1291
1950 549
1950 1188
1951 975
1951 1899
1951 278
1951 1544
1951 1890
1952 425
1952 1580
1952 849
1952 1573
1952 1949
1953 1953
1953 1300
1953 1113
1953 1423
1953 407
1954 1033
1954 719
1954 1218
1954 624
1954 48
1955 1208
1955 1613
1955 215
1955 1720
1955 809
1956 820
1956 737
1956 1451
1956 533
1956 1935
1957 1979
1957 687
1957 65
1957 1614
1957 385
1958 598
1958 1945
1958 185
1958 1161
1958 1359
1959 10
1959 158
1959 622
1959 738
1959 542
1960 95
1960 1336
1960 119
1960 304
1960 294
1961 1332
1961 532
1961 1996
1961 1615
1961 1589
1962 672
1962 761
1962 54
1962 1423
1962 1345
1963 1512
1963 125
1963 1590
1963 1750
1963 745
1964 1934
1964 741
1964 1524
1964 1251
1964 1086
1965 858
1965 149
1965 1891
1965 1548
1965 1006
1966 1848
1966 552
1966 751
1966 509
1966 1626
1967 1553
1967 1421
1967 1919
1967 268
1967 463
1968 484
1968 800
1968 1149
1968 1941
1968 167
1969 581
1969 212
1969 1559
1969 341
1969 1311
1970 991
1970 967
1970 193
1970 165
1970 1675
1971 811
1971 232
1971 1804
1971 67
1971 547
1972 77
1972 1369
1972 203
1972 493
1972 534
1973 602
1973 61
1973 1313
1973 1509
1973 369
1974 1657
1974 1158
1974 1415
1974 1743
1974 919
1975 209
1975 639
1975 766
1975 728
1975 262
1976 1490
1976 608
1976 1587
1976 610
1976 15
1977 1399
1977 660
1977 833
1977 365
1977 1285
1978 847
1978 141
1978 319
1978 1454
1978 1377
1979 1979
1979 687
1979 65
1979 1614
1979 385
1980 403
1980 387
1980 80
1980 762
1980 1740
1981 1675
1981 641
1981 516
1981 1970
1981 111
1982 675
1982 813
1982 46
1982 221
1982 1571
1983 1294
1983 915
1983 1823
1983 92
1983 1315
1984 938
1984 1514
1984 270
1984 727
1984 1658
1985 1284
1985 1388
1985 1997
1985 1084
1985 711
1986 1373
1986 0
1986 1916
1986 1097
1986 647
1987 454
1987 1013
1987 1994
1987 1066
1987 1607
1988 1709
1988 881
1988 1701
1988 1487
1988 1165
1989 1703
1989 1996
1989 368
1989 1742
1989 1617
1990 953
1990 1429
1990 439
1990 402
1990 759
1991 1339
1991 139
1991 696
1991 1616
1991 1771
1992 1634
1992 1573
1992 1580
1992 425
1992 951
1993 1252
1993 1281
1993 1696
1993 661
1993 412
1994 454
1994 1607
1994 1987
1994 1262
1994 340
1995 259
1995 954
1995 877
1995 463
1995 271
1996 1832
1996 1989
1996 1961
1996 1332
1996 1703
1997 1388
1997 1985
1997 1284
1997 979
1997 1297
1998 1448
1998 631
1998 90
1998 1172
1998 609
1999 1999
1999 433
1999 1246
1999 201
1999 728
